Algorithm type: =AlgorithmType.STEADY_STATE
_Population Initialization function: =init_population
_Next Generation function: =replace_by_random_choice
_Fitness function: =fitness_ttp
_Selection TSP: =linear_ranking_selection
_Crossover TSP=inner
_Mutation TSP: =inner
_Selection KP: =linear_ranking_selection
_Crossover KP: =inner
_Mutation KP: =inner
_Population size: =5
_Iteration number: =10
_Survival/mortality rate: =0
_Elitism: =True
_TSP path: =[33, 26, 19, 50, 43, 51, 9, 27, 38, 31, 45, 3, 6, 20, 41, 2, 47, 21, 49, 48, 18, 30, 15, 44, 12, 23, 24, 28, 36, 8, 16, 40, 11, 7, 14, 46, 22, 37, 35, 5, 17, 32, 1, 42, 29, 34, 13, 10, 39, 0, 4, 25]
_KP path: =[[], [1, 0, 1, 1, 1, 0, 0, 0, 1, 0], [1, 0, 1, 0, 1, 0, 1, 1, 1, 1], [1, 1, 1, 0, 0, 0, 0, 1, 0, 0], [0, 0, 1, 0, 0, 1, 0, 1, 0, 1], [1, 1, 0, 1, 1, 1, 1, 1, 0, 1], [1, 1, 0, 1, 1, 1, 0, 1, 1, 0], [0, 0, 0, 1, 1, 1, 0, 1, 0, 1], [1, 1, 1, 1, 0, 0, 1, 1, 1, 1], [0, 0, 1, 1, 0, 1, 1, 0, 1, 1], [1, 0, 0, 0, 0, 1, 1, 1, 0, 1], [1, 1, 1, 0, 1, 1, 1, 1, 1, 0], [0, 1, 1, 1, 0, 1, 1, 1, 1, 0], [0, 1, 0, 1, 0, 0, 0, 0, 1, 1], [1, 0, 0, 0, 0, 0, 1, 0, 0, 0], [1, 1, 1, 0, 0, 0, 1, 1, 0, 0], [1, 0, 0, 1, 0, 0, 1, 0, 0, 1], [1, 1, 1, 0, 0, 1, 0, 1, 1, 0], [0, 1, 1, 1, 0, 0, 0, 1, 1, 0], [1, 1, 1, 0, 1, 0, 0, 0, 0, 0], [0, 1, 0, 0, 1, 1, 0, 1, 0, 1], [1, 1, 1, 1, 1, 1, 1, 0, 1, 0], [0, 1, 0, 1, 0, 1, 0, 0, 0, 0], [1, 1, 1, 0, 1, 1, 1, 0, 0, 1], [0, 1, 1, 0, 1, 1, 0, 1, 0, 0], [1, 0, 1, 0, 0, 0, 1, 1, 0, 1], [0, 1, 0, 1, 0, 1, 0, 0, 0, 0], [0, 1, 0, 1, 1, 1, 0, 1, 1, 0], [0, 1, 1, 0, 0, 1, 0, 1, 1, 1], [0, 1, 1, 1, 1, 1, 1, 0, 1, 0], [1, 0, 1, 1, 0, 1, 1, 1, 1, 0], [0, 1, 1, 1, 0, 1, 0, 1, 0, 0], [1, 1, 1, 1, 0, 0, 1, 1, 0, 1], [1, 1, 0, 0, 0, 1, 1, 0, 1, 0], [1, 0, 0, 1, 0, 0, 1, 0, 1, 0], [0, 1, 0, 1, 1, 0, 1, 0, 0, 1], [0, 1, 0, 1, 1, 1, 0, 1, 1, 1], [1, 0, 1, 1, 0, 1, 1, 0, 1, 0], [0, 0, 1, 0, 1, 1, 1, 0, 0, 1], [0, 1, 1, 1, 0, 0, 0, 0, 1, 1], [1, 0, 1, 0, 0, 0, 1, 0, 1, 0], [1, 1, 0, 1, 1, 0, 0, 0, 0, 0], [1, 0, 1, 1, 0, 1, 1, 1, 1, 0], [1, 1, 0, 0, 0, 1, 0, 0, 0, 1], [0, 0, 0, 1, 0, 1, 0, 0, 0, 1], [0, 1, 1, 0, 0, 0, 0, 0, 0, 0], [0, 0, 1, 1, 1, 1, 0, 1, 0, 1], [1, 0, 0, 0, 1, 1, 0, 0, 1, 1], [0, 1, 0, 1, 1, 0, 1, 0, 1, 0], [1, 0, 0, 1, 0, 1, 1, 0, 1, 0], [0, 1, 0, 0, 1, 1, 1, 1, 1, 1], [0, 0, 1, 1, 0, 0, 0, 0, 0, 0]]
_Fitness value: =14864.920248654813
_Age of the best chromosome (num of iterations it has lived): =5
_Local Search function: =greedy_hill_climbing
_Neighborhood TSP: =inner
_Neighborhood KP: =inner
_Number of neighbors: =10
_Number of max iterations in local search: =20
_KP constraint solver function: =kp_hard_constraint_solver
_