Algorithm type: =AlgorithmType.GENERATIONAL
_Population Initialization function: =init_population
_Next Generation function: =replace_by_random_choice
_Fitness function: =fitness_ttp
_Selection TSP: =linear_ranking_selection
_Crossover TSP=inner
_Mutation TSP: =inner
_Selection KP: =linear_ranking_selection
_Crossover KP: =inner
_Mutation KP: =inner
_Population size: =5
_Iteration number: =10
_Survival/mortality rate: =1
_Elitism: =True
_TSP path: =[3, 20, 6, 36, 7, 15, 34, 32, 16, 29, 11, 35, 10, 13, 23, 49, 2, 17, 9, 19, 0, 31, 18, 45, 33, 24, 50, 37, 47, 4, 43, 22, 30, 1, 46, 44, 12, 42, 41, 48, 25, 26, 40, 28, 51, 5, 38, 21, 39, 27, 8, 14]
_KP path: =[[], [0, 1, 0, 1, 1, 1, 0, 0, 0, 0], [1, 1, 1, 1, 0, 0, 1, 1, 0, 0], [1, 1, 0, 0, 1, 1, 0, 0, 0, 1], [0, 1, 0, 0, 0, 0, 1, 0, 1, 1], [1, 1, 1, 0, 0, 0, 0, 0, 1, 1], [1, 1, 0, 1, 1, 1, 1, 0, 0, 1], [1, 1, 1, 1, 1, 1, 1, 1, 1, 0], [1, 0, 0, 0, 0, 1, 0, 0, 1, 1], [1, 0, 0, 1, 0, 0, 0, 0, 1, 0], [1, 1, 1, 0, 0, 1, 1, 1, 1, 0], [0, 1, 1, 0, 0, 0, 1, 0, 0, 0], [0, 0, 0, 1, 0, 1, 1, 1, 1, 1], [1, 0, 0, 0, 1, 0, 1, 0, 1, 1], [1, 0, 1, 0, 0, 1, 1, 1, 1, 1], [1, 1, 1, 1, 1, 0, 1, 1, 1, 1], [0, 1, 1, 1, 0, 1, 0, 1, 0, 0], [0, 0, 1, 1, 1, 0, 0, 0, 1, 1], [0, 1, 1, 0, 0, 0, 0, 1, 1, 1], [1, 1, 1, 0, 0, 1, 1, 1, 0, 0], [1, 1, 1, 1, 1, 1, 0, 1, 1, 0], [0, 1, 0, 1, 0, 1, 1, 1, 1, 1], [0, 0, 1, 0, 0, 0, 0, 1, 0, 0], [1, 0, 1, 0, 0, 1, 0, 0, 0, 1], [1, 0, 1, 1, 1, 1, 1, 0, 0, 0], [1, 0, 1, 1, 1, 1, 0, 0, 1, 1], [0, 1, 1, 1, 0, 1, 1, 1, 0, 0], [1, 0, 1, 1, 0, 1, 1, 1, 1, 0], [0, 1, 1, 0, 1, 1, 1, 0, 1, 0], [1, 1, 0, 1, 0, 0, 1, 1, 1, 1], [1, 1, 1, 1, 0, 1, 0, 0, 0, 1], [0, 0, 1, 1, 0, 1, 0, 0, 1, 0], [1, 1, 1, 0, 1, 0, 1, 1, 1, 1], [1, 0, 0, 1, 1, 1, 0, 1, 1, 0], [0, 0, 1, 1, 0, 0, 0, 1, 1, 0], [1, 0, 1, 1, 1, 1, 0, 1, 0, 1], [0, 1, 1, 1, 0, 1, 0, 1, 1, 1], [0, 1, 1, 0, 1, 1, 1, 1, 1, 1], [1, 1, 0, 0, 1, 1, 1, 0, 1, 0], [0, 0, 0, 1, 1, 0, 0, 0, 1, 0], [1, 1, 1, 0, 1, 1, 0, 1, 1, 0], [0, 0, 1, 1, 0, 1, 1, 1, 1, 0], [1, 1, 0, 1, 1, 1, 1, 0, 0, 0], [0, 1, 0, 1, 0, 1, 1, 1, 1, 1], [1, 1, 0, 0, 0, 0, 0, 0, 1, 1], [0, 0, 1, 1, 1, 0, 0, 1, 1, 0], [0, 0, 0, 0, 1, 1, 0, 1, 0, 0], [1, 0, 0, 1, 1, 0, 1, 0, 1, 0], [1, 1, 0, 0, 0, 0, 0, 1, 1, 1], [1, 1, 1, 1, 0, 1, 0, 1, 0, 1], [1, 0, 1, 0, 0, 1, 1, 1, 1, 1], [1, 1, 0, 1, 1, 1, 0, 0, 1, 1]]
_Fitness value: =17911.44382165196
_Age of the best chromosome (num of iterations it has lived): =5
_Local Search function: =greedy_hill_climbing
_Neighborhood TSP: =inner
_Neighborhood KP: =inner
_Number of neighbors: =10
_Number of max iterations in local search: =20
_KP constraint solver function: =kp_hard_constraint_solver
_