Algorithm type: =AlgorithmType.GENERATIONAL
_Population Initialization function: =init_population
_Next Generation function: =replace_by_random_choice
_Fitness function: =fitness_ttp
_Selection TSP: =linear_ranking_selection
_Crossover TSP=inner
_Mutation TSP: =inner
_Selection KP: =linear_ranking_selection
_Crossover KP: =inner
_Mutation KP: =inner
_Population size: =5
_Iteration number: =10
_Survival/mortality rate: =1
_Elitism: =True
_TSP path: =[23, 44, 4, 41, 26, 17, 2, 50, 0, 27, 45, 11, 49, 12, 43, 18, 5, 21, 28, 34, 24, 46, 13, 25, 40, 31, 36, 20, 9, 3, 15, 14, 48, 32, 7, 6, 8, 38, 51, 47, 19, 39, 16, 1, 33, 35, 42, 30, 37, 10, 29, 22]
_KP path: =[[], [1, 0, 1, 0, 1, 0, 1, 0, 1, 1], [1, 1, 1, 0, 0, 0, 0, 0, 1, 1], [0, 1, 0, 1, 1, 1, 0, 0, 1, 1], [0, 0, 1, 0, 0, 0, 1, 0, 1, 0], [1, 1, 0, 1, 0, 1, 1, 1, 1, 1], [0, 0, 0, 0, 1, 1, 0, 1, 0, 1], [0, 0, 0, 1, 0, 0, 0, 1, 1, 0], [1, 1, 1, 0, 1, 1, 0, 1, 0, 1], [1, 1, 1, 1, 1, 0, 1, 0, 0, 0], [1, 0, 1, 0, 1, 0, 0, 0, 0, 1], [0, 1, 1, 1, 0, 1, 0, 0, 0, 0], [0, 0, 1, 1, 1, 0, 0, 1, 1, 1], [0, 0, 1, 0, 0, 0, 1, 0, 1, 0], [0, 0, 0, 0, 0, 0, 1, 1, 0, 0], [1, 1, 1, 0, 1, 0, 0, 0, 0, 1], [1, 0, 0, 1, 1, 1, 0, 1, 1, 1], [0, 1, 0, 1, 1, 0, 1, 1, 1, 0], [1, 0, 0, 0, 0, 0, 1, 1, 0, 0], [1, 0, 0, 1, 0, 1, 1, 0, 0, 1], [0, 0, 1, 0, 0, 0, 0, 0, 0, 1], [0, 1, 1, 0, 0, 1, 0, 1, 1, 1], [0, 0, 0, 0, 0, 0, 1, 0, 0, 0], [0, 1, 1, 1, 1, 1, 1, 1, 1, 0], [1, 1, 0, 1, 1, 1, 0, 1, 1, 1], [0, 1, 1, 1, 1, 1, 1, 0, 1, 1], [1, 0, 0, 1, 1, 0, 1, 1, 0, 0], [0, 0, 1, 0, 1, 0, 1, 1, 1, 0], [1, 0, 0, 0, 0, 1, 1, 0, 0, 1], [0, 0, 1, 1, 1, 1, 0, 1, 0, 0], [0, 1, 1, 1, 0, 0, 0, 1, 1, 0], [0, 1, 0, 0, 0, 1, 0, 0, 1, 1], [0, 0, 0, 0, 0, 0, 0, 0, 1, 0], [1, 0, 1, 0, 0, 0, 0, 0, 0, 0], [0, 1, 1, 0, 0, 0, 0, 0, 1, 1], [0, 1, 1, 1, 0, 0, 1, 0, 0, 1], [0, 0, 1, 1, 1, 1, 1, 1, 0, 1], [0, 0, 0, 0, 1, 0, 0, 1, 1, 1], [1, 0, 0, 0, 1, 0, 1, 0, 0, 1], [0, 1, 1, 1, 0, 1, 0, 1, 0, 0], [0, 1, 0, 1, 0, 0, 0, 0, 0, 0], [1, 1, 0, 0, 0, 0, 0, 1, 0, 0], [0, 0, 1, 1, 1, 1, 1, 0, 1, 1], [0, 0, 1, 0, 1, 0, 1, 0, 1, 0], [0, 0, 0, 0, 0, 0, 1, 0, 1, 1], [0, 1, 1, 0, 1, 1, 0, 0, 0, 0], [1, 0, 0, 0, 1, 0, 0, 1, 1, 0], [0, 1, 1, 0, 1, 1, 1, 1, 1, 0], [0, 0, 0, 1, 1, 1, 0, 0, 1, 1], [0, 0, 1, 0, 0, 1, 0, 0, 0, 0], [1, 1, 0, 0, 0, 1, 1, 0, 1, 0], [1, 0, 1, 0, 0, 0, 1, 0, 0, 1]]
_Fitness value: =12766.636202296599
_Age of the best chromosome (num of iterations it has lived): =1
_Local Search function: =greedy_hill_climbing
_Neighborhood TSP: =inner
_Neighborhood KP: =inner
_Number of neighbors: =10
_Number of max iterations in local search: =20
_KP constraint solver function: =kp_hard_constraint_solver
_