Algorithm type: =AlgorithmType.GENERATIONAL
_Population Initialization function: =init_population
_Next Generation function: =replace_by_random_choice
_Fitness function: =fitness_ttp
_Selection TSP: =linear_ranking_selection
_Crossover TSP=inner
_Mutation TSP: =inner
_Selection KP: =linear_ranking_selection
_Crossover KP: =inner
_Mutation KP: =inner
_Population size: =5
_Iteration number: =20
_Survival/mortality rate: =1
_Elitism: =True
_TSP path: =[47, 8, 24, 2, 13, 35, 0, 28, 31, 34, 39, 27, 14, 3, 32, 50, 36, 45, 15, 18, 7, 41, 37, 42, 21, 25, 5, 33, 9, 17, 43, 6, 46, 29, 30, 26, 20, 4, 23, 51, 10, 1, 16, 12, 11, 22, 48, 40, 44, 38, 19, 49]
_KP path: =[[], [1, 1, 1, 0, 1, 1, 1, 0, 0, 0], [1, 0, 1, 1, 0, 0, 0, 1, 1, 1], [0, 1, 0, 1, 0, 1, 1, 1, 0, 1], [0, 0, 0, 0, 0, 1, 1, 0, 0, 1], [0, 0, 0, 1, 0, 1, 0, 0, 0, 0], [0, 0, 0, 0, 1, 0, 1, 1, 0, 0], [0, 1, 1, 1, 1, 0, 1, 0, 1, 0], [0, 0, 1, 1, 0, 1, 1, 1, 1, 1], [1, 1, 0, 0, 1, 1, 0, 1, 1, 0], [0, 1, 0, 1, 1, 1, 1, 1, 0, 1], [1, 0, 1, 0, 1, 1, 1, 0, 0, 0], [0, 1, 0, 0, 0, 1, 0, 0, 1, 0], [1, 1, 1, 1, 0, 1, 1, 1, 1, 1], [0, 0, 1, 0, 0, 1, 0, 0, 1, 1], [1, 1, 0, 1, 0, 1, 0, 1, 0, 1], [1, 0, 1, 1, 1, 0, 0, 1, 0, 1], [0, 0, 0, 0, 0, 1, 0, 1, 1, 0], [1, 0, 0, 1, 0, 1, 0, 1, 0, 0], [1, 1, 1, 0, 0, 1, 0, 1, 0, 1], [0, 1, 0, 0, 0, 1, 0, 0, 1, 1], [1, 1, 0, 0, 1, 0, 1, 1, 0, 0], [1, 1, 1, 0, 1, 1, 0, 0, 1, 1], [0, 1, 1, 0, 1, 1, 1, 1, 0, 1], [0, 0, 1, 0, 0, 1, 1, 1, 0, 1], [1, 0, 1, 1, 0, 0, 1, 1, 1, 1], [1, 1, 1, 0, 0, 1, 0, 0, 1, 0], [1, 0, 1, 1, 1, 0, 1, 0, 0, 1], [1, 1, 0, 1, 0, 0, 0, 0, 1, 1], [1, 1, 0, 0, 0, 1, 1, 1, 0, 0], [1, 0, 1, 1, 1, 0, 1, 1, 0, 0], [1, 1, 0, 1, 1, 0, 1, 1, 0, 1], [1, 1, 0, 0, 0, 1, 0, 0, 0, 0], [0, 0, 1, 1, 1, 0, 1, 0, 1, 0], [1, 0, 0, 1, 0, 0, 0, 1, 1, 1], [0, 1, 0, 0, 1, 1, 0, 1, 0, 0], [1, 0, 0, 0, 0, 1, 1, 0, 0, 1], [1, 1, 0, 1, 1, 1, 1, 1, 1, 0], [1, 1, 1, 0, 0, 1, 1, 0, 1, 0], [1, 1, 0, 0, 1, 1, 0, 0, 1, 0], [1, 0, 0, 1, 0, 1, 0, 1, 1, 1], [0, 0, 1, 1, 1, 0, 1, 1, 0, 1], [0, 1, 1, 1, 0, 1, 0, 1, 1, 0], [0, 0, 1, 0, 1, 0, 0, 0, 1, 1], [0, 1, 1, 0, 0, 0, 1, 1, 1, 1], [0, 1, 1, 0, 1, 1, 0, 0, 0, 0], [0, 1, 0, 1, 1, 1, 1, 0, 1, 0], [1, 1, 1, 0, 0, 0, 1, 1, 1, 1], [0, 1, 1, 1, 0, 0, 0, 1, 1, 0], [0, 0, 1, 0, 1, 0, 0, 1, 1, 1], [1, 1, 1, 1, 1, 0, 1, 0, 1, 0], [0, 1, 0, 0, 0, 1, 1, 0, 1, 0]]
_Fitness value: =17254.00967495431
_Age of the best chromosome (num of iterations it has lived): =16
_Local Search function: =greedy_hill_climbing
_Neighborhood TSP: =inner
_Neighborhood KP: =inner
_Number of neighbors: =10
_Number of max iterations in local search: =20
_KP constraint solver function: =kp_hard_constraint_solver
_