Algorithm type: =AlgorithmType.STEADY_STATE
_Population Initialization function: =init_population
_Next Generation function: =replace_by_random_choice
_Fitness function: =fitness_ttp
_Selection TSP: =linear_ranking_selection
_Crossover TSP=inner
_Mutation TSP: =inner
_Selection KP: =linear_ranking_selection
_Crossover KP: =inner
_Mutation KP: =inner
_Population size: =5
_Iteration number: =10
_Survival/mortality rate: =0
_Elitism: =True
_TSP path: =[3, 16, 37, 10, 38, 48, 26, 15, 0, 32, 42, 27, 25, 5, 47, 20, 28, 14, 1, 40, 36, 29, 43, 39, 49, 4, 12, 45, 6, 44, 19, 22, 50, 35, 51, 11, 21, 18, 8, 7, 41, 17, 23, 24, 30, 2, 46, 33, 34, 9, 13, 31]
_KP path: =[[], [0, 0, 1, 0, 0, 1, 1, 0, 0, 0], [0, 1, 1, 0, 1, 0, 0, 0, 0, 0], [0, 0, 1, 1, 1, 1, 1, 1, 1, 1], [1, 0, 0, 1, 1, 1, 0, 1, 1, 1], [0, 1, 0, 0, 1, 0, 0, 1, 1, 1], [1, 0, 0, 1, 0, 0, 1, 1, 0, 0], [1, 0, 1, 1, 0, 1, 0, 0, 0, 1], [0, 1, 0, 0, 1, 0, 0, 0, 0, 0], [0, 1, 1, 1, 1, 1, 0, 0, 0, 0], [1, 0, 1, 0, 1, 1, 1, 1, 1, 0], [0, 1, 1, 1, 1, 0, 1, 0, 0, 0], [1, 1, 1, 0, 1, 0, 0, 1, 0, 1], [1, 0, 1, 1, 0, 1, 0, 0, 0, 0], [1, 0, 1, 0, 0, 1, 1, 1, 0, 1], [1, 0, 0, 1, 0, 1, 0, 0, 1, 0], [0, 0, 1, 1, 0, 0, 1, 1, 1, 0], [0, 1, 1, 0, 1, 0, 1, 1, 1, 0], [1, 1, 1, 0, 0, 1, 0, 0, 1, 1], [0, 1, 0, 0, 1, 0, 1, 0, 0, 0], [0, 0, 1, 1, 0, 0, 0, 1, 1, 0], [0, 1, 1, 0, 0, 1, 0, 1, 1, 1], [1, 0, 1, 0, 0, 0, 1, 1, 0, 0], [0, 1, 0, 0, 1, 0, 1, 1, 1, 1], [0, 0, 1, 1, 1, 1, 1, 1, 1, 0], [1, 1, 1, 1, 1, 0, 1, 0, 0, 0], [1, 1, 1, 0, 0, 0, 0, 0, 1, 1], [0, 1, 1, 1, 0, 0, 0, 1, 0, 0], [1, 0, 1, 0, 0, 0, 1, 0, 1, 0], [1, 1, 1, 1, 0, 1, 0, 0, 0, 0], [1, 0, 1, 1, 1, 1, 0, 0, 1, 1], [1, 0, 0, 1, 0, 1, 0, 1, 1, 1], [1, 0, 1, 1, 0, 0, 0, 0, 1, 0], [1, 1, 0, 1, 1, 1, 1, 0, 0, 0], [1, 0, 0, 1, 1, 1, 1, 0, 0, 1], [1, 1, 1, 1, 1, 1, 0, 0, 1, 0], [0, 0, 1, 1, 0, 1, 0, 1, 1, 0], [0, 0, 0, 1, 1, 0, 1, 0, 1, 1], [1, 0, 1, 0, 0, 0, 0, 0, 1, 0], [0, 1, 0, 1, 0, 0, 0, 0, 0, 1], [1, 1, 1, 1, 0, 0, 0, 0, 1, 1], [1, 1, 0, 1, 0, 1, 1, 0, 1, 0], [0, 1, 1, 0, 1, 1, 1, 1, 1, 1], [0, 1, 0, 0, 1, 0, 1, 0, 0, 0], [1, 1, 1, 0, 0, 0, 0, 1, 1, 0], [1, 1, 0, 1, 0, 1, 1, 1, 0, 1], [1, 1, 0, 0, 1, 0, 0, 1, 1, 1], [1, 1, 0, 1, 0, 0, 1, 1, 0, 0], [1, 0, 1, 1, 0, 1, 0, 0, 0, 0], [1, 0, 1, 1, 1, 1, 1, 0, 1, 0], [0, 1, 0, 0, 1, 0, 0, 1, 1, 1], [0, 0, 1, 0, 0, 1, 0, 1, 0, 0]]
_Fitness value: =12334.436901175453
_Age of the best chromosome (num of iterations it has lived): =5
_Local Search function: =greedy_hill_climbing
_Neighborhood TSP: =inner
_Neighborhood KP: =inner
_Number of neighbors: =10
_Number of max iterations in local search: =20
_KP constraint solver function: =kp_hard_constraint_solver
_