Filename: =Datasets/rat195_n582_uncorr_02.ttp
_Algorithm type: =AlgorithmType.STEADY_STATE
_Perform separately=False
_Population Initialization function: =init_population
_Next Generation function: =replace_the_worst_parent
_Fitness function: =fitness_ttp
_Selection TSP: =r_tournament_selection_with_replacement
_Crossover TSP=order_crossover
_Mutation TSP: =two_opt
_Selection KP: =r_tournament_selection_with_replacement
_Crossover KP: =n_point_crossover
_Mutation KP: =exchange
_Population size: =10
_Iteration number: =15
_Survival/mortality rate: =7
_Elitism: =True
_TSP path: =[140, 165, 43, 5, 92, 142, 175, 58, 79, 81, 38, 32, 192, 61, 114, 0, 54, 1, 11, 50, 66, 56, 76, 116, 124, 2, 57, 19, 163, 123, 93, 121, 115, 122, 155, 82, 170, 147, 37, 31, 13, 173, 28, 146, 42, 141, 35, 120, 158, 16, 53, 119, 159, 181, 46, 9, 95, 106, 59, 6, 27, 33, 90, 137, 12, 166, 185, 4, 182, 129, 133, 172, 97, 130, 108, 80, 136, 162, 85, 139, 127, 69, 193, 111, 10, 70, 157, 110, 126, 128, 164, 65, 74, 18, 112, 189, 36, 113, 87, 101, 191, 86, 63, 194, 148, 62, 179, 48, 186, 30, 25, 47, 171, 17, 67, 83, 44, 187, 150, 88, 55, 169, 152, 145, 89, 75, 77, 154, 132, 188, 39, 64, 3, 41, 7, 104, 49, 91, 52, 167, 40, 99, 134, 144, 138, 51, 135, 109, 71, 160, 96, 183, 153, 34, 178, 84, 161, 149, 68, 176, 26, 151, 174, 168, 73, 100, 190, 105, 102, 107, 131, 23, 184, 177, 156, 98, 21, 78, 29, 117, 20, 15, 22, 24, 103, 180, 14, 45, 60, 118, 8, 125, 94, 143, 72]
_KP path: =[[], [0, 1, 1], [0, 1, 1], [1, 1, 1], [1, 0, 1], [0, 0, 0], [0, 0, 1], [1, 0, 0], [0, 1, 1], [1, 1, 0], [0, 0, 0], [1, 1, 0], [0, 0, 0], [1, 1, 1], [1, 1, 0], [1, 0, 1], [1, 0, 0], [1, 0, 0], [1, 0, 0], [0, 1, 0], [1, 1, 0], [0, 1, 1], [0, 0, 0], [1, 1, 1], [0, 0, 1], [0, 1, 1], [0, 1, 1], [1, 1, 1], [0, 1, 0], [1, 0, 0], [0, 1, 1], [1, 1, 0], [1, 0, 0], [1, 0, 1], [0, 1, 0], [0, 0, 1], [1, 0, 1], [1, 0, 0], [0, 0, 0], [0, 0, 1], [1, 1, 0], [1, 1, 0], [1, 0, 0], [1, 1, 1], [1, 1, 0], [0, 0, 1], [0, 1, 0], [1, 1, 1], [0, 0, 0], [0, 0, 0], [0, 0, 0], [1, 0, 1], [1, 1, 1], [1, 0, 0], [0, 1, 0], [1, 1, 1], [1, 0, 0], [1, 0, 0], [0, 0, 1], [1, 0, 1], [0, 1, 0], [1, 0, 1], [0, 0, 0], [0, 1, 0], [1, 0, 1], [0, 1, 1], [1, 0, 0], [0, 1, 1], [0, 0, 0], [1, 1, 0], [1, 1, 0], [1, 1, 0], [1, 1, 1], [0, 0, 0], [0, 1, 0], [1, 0, 0], [1, 0, 1], [0, 0, 0], [1, 0, 1], [0, 0, 1], [1, 1, 1], [0, 1, 1], [0, 0, 1], [1, 1, 0], [0, 1, 1], [1, 1, 0], [0, 1, 1], [1, 0, 1], [1, 0, 0], [1, 1, 1], [0, 0, 0], [0, 1, 0], [1, 1, 1], [0, 1, 0], [0, 1, 1], [0, 1, 0], [1, 0, 1], [0, 0, 1], [1, 1, 0], [0, 1, 0], [0, 0, 0], [0, 0, 0], [1, 0, 1], [0, 1, 0], [0, 1, 0], [1, 0, 0], [1, 0, 1], [1, 0, 0], [0, 0, 1], [0, 1, 1], [0, 1, 0], [1, 1, 0], [0, 0, 1], [0, 1, 0], [0, 1, 1], [0, 1, 0], [0, 1, 1], [0, 1, 1], [0, 1, 0], [1, 1, 0], [1, 1, 0], [1, 1, 1], [0, 1, 0], [1, 0, 1], [0, 0, 0], [1, 1, 1], [0, 0, 1], [1, 1, 1], [1, 1, 1], [1, 1, 1], [0, 1, 0], [0, 1, 0], [0, 0, 0], [0, 0, 0], [1, 1, 1], [0, 1, 0], [0, 0, 0], [0, 1, 0], [1, 0, 0], [1, 1, 1], [0, 1, 0], [1, 0, 1], [0, 0, 1], [1, 1, 1], [1, 1, 1], [1, 1, 0], [0, 0, 1], [0, 0, 1], [0, 1, 1], [0, 1, 1], [0, 1, 0], [0, 0, 0], [1, 1, 1], [0, 0, 1], [0, 1, 0], [1, 1, 1], [1, 0, 0], [0, 0, 1], [1, 1, 0], [1, 1, 1], [0, 0, 0], [0, 0, 0], [1, 0, 0], [1, 1, 1], [1, 0, 0], [0, 1, 0], [0, 1, 1], [1, 1, 1], [1, 0, 0], [1, 1, 0], [1, 0, 1], [0, 0, 0], [1, 1, 1], [0, 1, 1], [0, 0, 0], [1, 0, 1], [0, 1, 0], [1, 0, 0], [1, 0, 0], [1, 0, 0], [1, 0, 0], [0, 0, 1], [1, 1, 1], [0, 0, 0], [1, 1, 0], [1, 1, 1], [0, 1, 0], [0, 1, 0], [0, 0, 1], [1, 0, 1], [0, 0, 1], [0, 1, 0], [1, 0, 0], [1, 0, 0], [1, 1, 1]]
_Fitness value of the best chromosome: =84545.96439299945
_Average fitness value of the population: =81941.25707558375
_Age of the best chromosome (num of iterations it has lived): =8
_Local Search function: =greedy_hill_climbing
_Neighborhood TSP: =insertion
_Neighborhood KP: =bit_flip
_Number of neighbors: =10
_Number of max iterations in local search: =20
_KP constraint solver function: =kp_hard_constraint_solver
_