Filename: =Datasets/rat195_n582_uncorr_02.ttp
_Algorithm type: =AlgorithmType.STEADY_STATE
_Perform separately=False
_Population Initialization function: =init_population
_Next Generation function: =replace_the_worst_parent
_Fitness function: =fitness_ttp
_Selection TSP: =r_tournament_selection_with_replacement
_Crossover TSP=order_crossover
_Mutation TSP: =two_opt
_Selection KP: =r_tournament_selection_with_replacement
_Crossover KP: =n_point_crossover
_Mutation KP: =exchange
_Population size: =10
_Iteration number: =15
_Survival/mortality rate: =7
_Elitism: =True
_TSP path: =[4, 119, 6, 116, 52, 137, 8, 160, 25, 169, 83, 155, 123, 10, 143, 192, 149, 40, 151, 26, 80, 144, 161, 134, 130, 128, 65, 14, 45, 182, 141, 131, 106, 91, 46, 122, 62, 18, 79, 82, 112, 186, 142, 102, 74, 19, 56, 78, 58, 72, 69, 157, 150, 17, 184, 174, 173, 162, 33, 167, 189, 114, 66, 39, 27, 71, 67, 51, 55, 24, 68, 38, 185, 44, 133, 85, 31, 163, 164, 1, 120, 41, 138, 86, 153, 99, 187, 81, 21, 7, 22, 111, 48, 73, 171, 105, 127, 129, 194, 168, 100, 96, 50, 70, 77, 35, 180, 63, 190, 59, 181, 126, 170, 49, 94, 93, 121, 118, 104, 191, 159, 147, 177, 156, 98, 75, 11, 64, 132, 139, 43, 92, 32, 53, 179, 76, 60, 57, 103, 148, 117, 3, 115, 178, 188, 101, 136, 47, 12, 90, 193, 146, 110, 15, 124, 20, 2, 135, 165, 158, 125, 9, 28, 152, 5, 88, 145, 113, 166, 140, 95, 0, 61, 42, 37, 54, 175, 183, 109, 84, 108, 172, 13, 89, 30, 107, 154, 87, 36, 16, 97, 34, 176, 23, 29]
_KP path: =[[], [0, 1, 1], [1, 1, 0], [1, 0, 1], [1, 0, 0], [0, 1, 0], [0, 1, 0], [0, 0, 0], [0, 0, 1], [1, 1, 0], [1, 0, 0], [0, 0, 1], [0, 0, 1], [1, 1, 1], [0, 0, 1], [1, 0, 1], [0, 1, 1], [0, 0, 1], [1, 1, 1], [1, 0, 0], [1, 1, 0], [1, 1, 1], [0, 0, 0], [1, 0, 1], [0, 1, 1], [1, 0, 1], [1, 0, 1], [0, 1, 0], [0, 0, 1], [0, 0, 0], [0, 1, 1], [0, 0, 1], [1, 0, 0], [0, 0, 1], [1, 0, 0], [0, 0, 1], [1, 1, 1], [0, 0, 1], [1, 1, 0], [0, 1, 0], [1, 0, 1], [0, 1, 0], [1, 1, 1], [0, 0, 0], [0, 0, 1], [0, 1, 0], [0, 0, 1], [0, 0, 0], [1, 0, 1], [0, 1, 0], [1, 1, 0], [1, 1, 1], [0, 0, 0], [1, 1, 0], [0, 0, 0], [0, 0, 1], [0, 1, 1], [1, 1, 1], [0, 0, 0], [0, 1, 1], [1, 0, 0], [0, 0, 1], [0, 1, 1], [0, 0, 1], [0, 0, 1], [0, 1, 1], [1, 1, 0], [0, 1, 1], [1, 1, 0], [0, 1, 0], [0, 1, 1], [0, 1, 1], [0, 1, 1], [0, 0, 0], [0, 0, 1], [1, 1, 0], [1, 0, 0], [1, 1, 1], [1, 1, 0], [1, 0, 0], [0, 1, 0], [1, 0, 1], [1, 1, 0], [0, 1, 0], [1, 0, 1], [0, 1, 1], [1, 0, 1], [0, 1, 0], [1, 1, 1], [1, 0, 0], [1, 1, 0], [1, 1, 1], [1, 1, 1], [0, 1, 0], [0, 0, 0], [1, 1, 1], [0, 0, 1], [1, 1, 0], [1, 0, 0], [0, 1, 1], [0, 1, 0], [0, 0, 0], [1, 1, 1], [1, 1, 0], [0, 1, 1], [0, 1, 0], [0, 0, 1], [1, 0, 0], [0, 0, 0], [0, 1, 1], [0, 1, 0], [1, 1, 0], [1, 1, 0], [1, 0, 0], [0, 0, 0], [0, 0, 0], [0, 0, 0], [1, 1, 1], [1, 0, 1], [1, 0, 1], [0, 1, 1], [1, 1, 1], [1, 1, 1], [0, 0, 1], [1, 1, 1], [1, 1, 1], [1, 0, 0], [1, 1, 0], [1, 1, 1], [0, 1, 1], [0, 1, 0], [0, 1, 1], [1, 0, 0], [1, 1, 1], [0, 1, 1], [0, 0, 0], [0, 0, 1], [1, 1, 0], [0, 0, 1], [0, 1, 0], [1, 1, 1], [1, 0, 1], [0, 0, 1], [0, 1, 0], [1, 1, 1], [1, 0, 0], [1, 1, 1], [1, 0, 0], [0, 1, 0], [1, 0, 0], [0, 0, 1], [1, 0, 1], [0, 1, 0], [0, 0, 0], [1, 0, 0], [0, 0, 1], [1, 1, 1], [1, 0, 0], [0, 0, 1], [1, 0, 0], [1, 0, 0], [1, 1, 1], [0, 1, 0], [1, 1, 0], [1, 0, 0], [1, 1, 1], [0, 0, 0], [0, 1, 0], [0, 0, 0], [1, 1, 0], [1, 1, 0], [0, 1, 0], [0, 0, 1], [1, 1, 1], [1, 1, 1], [1, 0, 1], [1, 1, 0], [0, 0, 1], [1, 1, 1], [0, 1, 1], [0, 0, 1], [0, 1, 1], [0, 1, 1], [1, 0, 1], [0, 1, 1], [0, 1, 0], [1, 1, 1], [1, 1, 1], [1, 1, 1], [0, 1, 1], [1, 1, 0], [1, 1, 0], [0, 1, 0], [0, 0, 1], [1, 0, 0]]
_Fitness value of the best chromosome: =87340.27416110938
_Average fitness value of the population: =82714.63262456644
_Age of the best chromosome (num of iterations it has lived): =1
_Local Search function: =greedy_hill_climbing
_Neighborhood TSP: =insertion
_Neighborhood KP: =bit_flip
_Number of neighbors: =10
_Number of max iterations in local search: =20
_KP constraint solver function: =kp_hard_constraint_solver
_