Filename: =Datasets/rat195_n582_uncorr_02.ttp
_Algorithm type: =AlgorithmType.STEADY_STATE
_Perform separately=False
_Population Initialization function: =init_population
_Next Generation function: =replace_the_worst_parent
_Fitness function: =fitness_ttp
_Selection TSP: =r_tournament_selection_with_replacement
_Crossover TSP=order_crossover
_Mutation TSP: =two_opt
_Selection KP: =r_tournament_selection_with_replacement
_Crossover KP: =n_point_crossover
_Mutation KP: =exchange
_Population size: =10
_Iteration number: =15
_Survival/mortality rate: =7
_Elitism: =True
_TSP path: =[45, 186, 99, 125, 184, 47, 163, 20, 167, 82, 156, 78, 52, 34, 124, 148, 33, 79, 145, 68, 185, 116, 3, 37, 162, 88, 27, 164, 84, 178, 7, 176, 181, 12, 24, 14, 66, 91, 53, 21, 151, 0, 146, 92, 120, 56, 131, 100, 137, 102, 77, 105, 129, 76, 72, 26, 142, 46, 58, 94, 179, 123, 171, 87, 141, 108, 83, 95, 118, 170, 97, 96, 150, 183, 135, 112, 128, 111, 28, 74, 187, 38, 25, 1, 23, 31, 136, 194, 103, 63, 114, 43, 132, 121, 19, 80, 59, 165, 15, 93, 188, 9, 86, 115, 39, 16, 139, 155, 40, 35, 2, 69, 61, 117, 65, 193, 168, 50, 191, 90, 49, 144, 166, 22, 30, 143, 110, 169, 113, 51, 17, 189, 160, 48, 4, 109, 175, 130, 18, 75, 67, 54, 180, 36, 134, 11, 153, 119, 106, 62, 101, 133, 158, 6, 41, 182, 57, 127, 42, 73, 13, 149, 190, 8, 29, 10, 98, 126, 147, 152, 89, 104, 44, 138, 172, 70, 60, 81, 161, 192, 173, 55, 174, 177, 85, 107, 71, 159, 5, 32, 64, 157, 122, 154, 140]
_KP path: =[[], [1, 1, 1], [1, 1, 0], [1, 0, 1], [1, 1, 1], [0, 0, 0], [1, 1, 1], [0, 1, 0], [1, 0, 1], [0, 1, 0], [0, 1, 1], [1, 0, 1], [1, 0, 1], [0, 0, 1], [1, 1, 0], [0, 1, 1], [0, 0, 0], [1, 1, 1], [0, 1, 1], [0, 0, 1], [0, 1, 0], [1, 1, 0], [1, 0, 1], [1, 0, 0], [1, 1, 0], [1, 1, 0], [1, 1, 0], [0, 1, 0], [0, 0, 1], [1, 0, 1], [1, 0, 1], [1, 1, 0], [0, 1, 0], [1, 1, 0], [0, 1, 0], [1, 0, 0], [0, 0, 1], [1, 0, 0], [1, 1, 0], [0, 1, 0], [1, 0, 1], [1, 1, 1], [1, 0, 1], [0, 0, 0], [1, 0, 1], [0, 0, 1], [1, 0, 0], [0, 1, 0], [0, 0, 1], [1, 0, 1], [1, 0, 0], [1, 1, 1], [0, 1, 1], [0, 1, 1], [0, 1, 1], [0, 0, 1], [1, 0, 0], [0, 0, 1], [1, 1, 1], [0, 1, 0], [1, 1, 0], [1, 1, 1], [0, 1, 0], [1, 1, 0], [1, 1, 0], [1, 0, 1], [0, 1, 0], [1, 0, 1], [0, 1, 0], [1, 1, 1], [0, 1, 1], [1, 0, 1], [0, 1, 1], [1, 0, 0], [1, 1, 1], [1, 1, 0], [0, 0, 1], [1, 0, 0], [0, 0, 0], [0, 0, 0], [0, 0, 0], [0, 0, 1], [0, 1, 0], [0, 1, 1], [1, 1, 1], [1, 1, 0], [0, 1, 0], [0, 1, 1], [0, 1, 0], [1, 0, 0], [1, 1, 0], [1, 1, 0], [0, 1, 0], [1, 0, 0], [0, 0, 1], [0, 0, 1], [0, 0, 1], [0, 0, 0], [0, 0, 1], [1, 0, 1], [1, 1, 0], [1, 0, 0], [1, 1, 1], [0, 1, 0], [1, 0, 1], [0, 0, 0], [1, 1, 0], [1, 1, 1], [1, 1, 0], [0, 1, 0], [0, 0, 1], [1, 1, 0], [0, 0, 1], [0, 1, 0], [1, 0, 0], [0, 1, 1], [0, 1, 0], [0, 1, 1], [0, 0, 0], [1, 1, 0], [1, 0, 0], [0, 1, 1], [0, 1, 1], [0, 1, 0], [0, 1, 1], [0, 0, 1], [0, 0, 1], [0, 0, 1], [1, 0, 1], [0, 0, 0], [0, 0, 1], [0, 0, 0], [0, 1, 0], [1, 1, 1], [1, 1, 1], [1, 1, 1], [1, 0, 1], [0, 0, 1], [0, 1, 1], [0, 1, 0], [0, 0, 1], [0, 0, 1], [0, 1, 1], [0, 1, 0], [1, 1, 1], [1, 1, 1], [0, 1, 0], [0, 0, 1], [0, 1, 0], [0, 0, 0], [1, 0, 1], [1, 0, 1], [1, 0, 0], [0, 1, 1], [0, 0, 1], [1, 0, 0], [0, 0, 1], [1, 1, 1], [1, 0, 0], [1, 1, 0], [0, 0, 1], [1, 0, 0], [0, 0, 1], [1, 1, 0], [1, 0, 1], [1, 0, 0], [1, 0, 1], [1, 0, 0], [0, 0, 0], [1, 0, 0], [0, 0, 0], [1, 1, 1], [0, 0, 1], [1, 0, 1], [0, 1, 1], [1, 0, 0], [0, 1, 1], [1, 0, 1], [1, 1, 1], [1, 0, 1], [1, 1, 0], [0, 1, 0], [1, 0, 1], [1, 1, 1], [1, 0, 1], [0, 0, 1], [1, 1, 1], [0, 1, 0], [0, 0, 0], [0, 0, 1], [0, 1, 1], [0, 0, 1], [0, 0, 1], [1, 1, 1], [1, 1, 1]]
_Fitness value of the best chromosome: =88448.81862321663
_Average fitness value of the population: =83594.69096720456
_Age of the best chromosome (num of iterations it has lived): =5
_Local Search function: =greedy_hill_climbing
_Neighborhood TSP: =insertion
_Neighborhood KP: =bit_flip
_Number of neighbors: =10
_Number of max iterations in local search: =20
_KP constraint solver function: =kp_hard_constraint_solver
_