Filename: =Datasets/rat195_n582_uncorr_02.ttp
_Algorithm type: =AlgorithmType.STEADY_STATE
_Perform separately=False
_Population Initialization function: =init_population
_Next Generation function: =replace_the_worst_parent
_Fitness function: =fitness_ttp
_Selection TSP: =r_tournament_selection_with_replacement
_Crossover TSP=order_crossover
_Mutation TSP: =two_opt
_Selection KP: =r_tournament_selection_with_replacement
_Crossover KP: =n_point_crossover
_Mutation KP: =exchange
_Population size: =10
_Iteration number: =15
_Survival/mortality rate: =7
_Elitism: =True
_TSP path: =[91, 140, 86, 19, 74, 110, 58, 161, 65, 189, 78, 8, 106, 98, 166, 46, 153, 178, 163, 23, 116, 135, 130, 119, 132, 127, 25, 104, 76, 88, 112, 103, 114, 139, 5, 174, 184, 113, 145, 9, 70, 66, 118, 82, 32, 62, 157, 35, 192, 125, 87, 2, 182, 24, 164, 60, 107, 154, 47, 183, 138, 143, 100, 136, 147, 52, 33, 56, 176, 149, 59, 20, 120, 18, 28, 121, 126, 4, 173, 186, 193, 124, 61, 73, 150, 43, 155, 69, 89, 108, 85, 1, 99, 38, 21, 158, 151, 31, 109, 55, 172, 177, 133, 142, 160, 17, 181, 11, 57, 34, 79, 10, 16, 179, 39, 122, 26, 168, 170, 30, 97, 187, 50, 3, 167, 96, 146, 83, 171, 144, 41, 175, 36, 123, 159, 105, 14, 48, 7, 15, 72, 137, 129, 6, 63, 37, 102, 180, 64, 141, 131, 49, 80, 94, 152, 115, 92, 44, 191, 45, 75, 162, 117, 95, 71, 101, 77, 165, 169, 54, 67, 68, 128, 84, 90, 42, 12, 13, 51, 40, 148, 194, 156, 93, 134, 111, 0, 188, 81, 185, 27, 22, 190, 29, 53]
_KP path: =[[], [1, 0, 0], [0, 0, 0], [1, 0, 0], [1, 1, 1], [1, 1, 1], [1, 0, 0], [1, 1, 0], [1, 0, 0], [1, 1, 0], [1, 0, 1], [0, 1, 1], [0, 1, 1], [0, 1, 0], [1, 0, 1], [0, 1, 0], [1, 0, 1], [1, 0, 1], [0, 0, 1], [1, 0, 0], [0, 1, 0], [1, 0, 0], [1, 1, 1], [1, 1, 0], [1, 0, 0], [1, 0, 1], [1, 0, 1], [1, 1, 0], [0, 1, 0], [0, 0, 1], [1, 0, 0], [0, 1, 0], [1, 0, 0], [0, 0, 0], [0, 0, 1], [0, 0, 0], [0, 0, 1], [1, 0, 0], [1, 1, 1], [0, 0, 0], [0, 1, 0], [1, 0, 1], [0, 0, 1], [0, 0, 0], [0, 0, 0], [1, 0, 1], [0, 0, 1], [1, 1, 0], [0, 1, 1], [0, 0, 0], [1, 0, 0], [0, 0, 1], [1, 0, 0], [1, 0, 1], [0, 0, 1], [1, 0, 0], [0, 1, 1], [1, 1, 1], [0, 0, 0], [0, 0, 0], [0, 1, 1], [0, 1, 0], [1, 1, 0], [0, 1, 0], [0, 0, 1], [0, 1, 0], [0, 0, 1], [0, 1, 0], [0, 1, 1], [0, 1, 1], [1, 0, 1], [0, 0, 0], [0, 1, 1], [0, 1, 0], [0, 0, 0], [1, 1, 1], [0, 0, 0], [0, 0, 0], [0, 0, 1], [1, 1, 1], [0, 0, 0], [1, 0, 0], [0, 1, 1], [1, 1, 0], [1, 1, 0], [0, 1, 0], [1, 0, 0], [0, 0, 0], [1, 0, 1], [1, 1, 1], [1, 1, 0], [1, 1, 0], [0, 0, 1], [0, 1, 0], [1, 1, 1], [1, 0, 0], [0, 0, 1], [0, 1, 1], [1, 1, 0], [0, 0, 1], [1, 0, 0], [0, 1, 0], [0, 1, 0], [1, 0, 1], [1, 0, 1], [0, 1, 1], [0, 0, 0], [1, 1, 1], [0, 0, 0], [1, 1, 1], [0, 1, 1], [1, 1, 0], [1, 0, 1], [0, 0, 1], [1, 1, 1], [1, 1, 1], [0, 0, 1], [0, 1, 0], [1, 1, 0], [1, 1, 1], [0, 0, 0], [0, 0, 0], [1, 0, 1], [0, 0, 1], [0, 0, 1], [0, 0, 0], [1, 0, 0], [0, 0, 0], [1, 1, 0], [0, 0, 0], [0, 1, 0], [0, 0, 0], [0, 1, 0], [1, 1, 1], [0, 0, 0], [1, 0, 0], [0, 0, 0], [0, 0, 0], [1, 1, 0], [0, 1, 0], [0, 1, 0], [1, 0, 1], [1, 0, 0], [1, 0, 0], [0, 0, 1], [1, 1, 0], [0, 0, 1], [0, 0, 1], [0, 1, 0], [1, 0, 1], [1, 1, 0], [0, 0, 0], [1, 1, 0], [0, 1, 1], [1, 1, 1], [0, 1, 1], [0, 1, 0], [0, 1, 0], [1, 0, 1], [0, 0, 1], [0, 0, 0], [0, 0, 0], [0, 1, 0], [0, 1, 1], [0, 0, 1], [0, 0, 1], [1, 0, 0], [1, 1, 0], [0, 1, 1], [0, 0, 1], [0, 0, 1], [0, 0, 0], [0, 0, 1], [1, 0, 1], [1, 1, 1], [0, 0, 1], [1, 0, 0], [1, 0, 1], [1, 1, 1], [0, 1, 1], [1, 0, 0], [0, 1, 0], [1, 0, 1], [0, 1, 1], [0, 0, 0], [0, 1, 0], [0, 1, 1], [1, 0, 1], [0, 0, 0], [1, 1, 0], [0, 1, 1], [0, 1, 0], [1, 1, 0], [1, 1, 1], [1, 1, 1]]
_Fitness value of the best chromosome: =86071.29528977185
_Average fitness value of the population: =83447.72733224438
_Age of the best chromosome (num of iterations it has lived): =6
_Local Search function: =greedy_hill_climbing
_Neighborhood TSP: =insertion
_Neighborhood KP: =bit_flip
_Number of neighbors: =10
_Number of max iterations in local search: =20
_KP constraint solver function: =kp_hard_constraint_solver
_