Filename: =Datasets/rat195_n582_uncorr_02.ttp
_Algorithm type: =AlgorithmType.STEADY_STATE
_Perform separately=False
_Population Initialization function: =init_population
_Next Generation function: =replace_the_worst_parent
_Fitness function: =fitness_ttp
_Selection TSP: =r_tournament_selection_with_replacement
_Crossover TSP=order_crossover
_Mutation TSP: =two_opt
_Selection KP: =r_tournament_selection_with_replacement
_Crossover KP: =n_point_crossover
_Mutation KP: =exchange
_Population size: =10
_Iteration number: =15
_Survival/mortality rate: =7
_Elitism: =True
_TSP path: =[163, 90, 64, 73, 167, 95, 13, 121, 137, 134, 47, 45, 46, 96, 103, 40, 132, 104, 181, 79, 77, 193, 60, 0, 130, 180, 37, 102, 118, 12, 89, 29, 126, 48, 166, 42, 116, 20, 53, 120, 170, 192, 144, 160, 52, 123, 38, 5, 2, 188, 56, 143, 14, 66, 71, 182, 8, 114, 28, 125, 113, 54, 31, 69, 179, 112, 3, 34, 169, 127, 67, 74, 59, 159, 148, 65, 98, 186, 152, 27, 171, 83, 161, 16, 87, 115, 191, 88, 149, 145, 91, 55, 6, 24, 129, 93, 11, 128, 173, 33, 51, 106, 39, 99, 162, 131, 153, 138, 32, 141, 174, 70, 154, 190, 76, 97, 146, 63, 4, 110, 22, 26, 57, 142, 119, 23, 17, 80, 43, 108, 50, 155, 140, 156, 135, 178, 72, 133, 86, 18, 177, 168, 100, 7, 81, 58, 184, 25, 10, 78, 147, 44, 165, 151, 107, 21, 101, 157, 105, 158, 122, 1, 164, 82, 109, 194, 9, 124, 15, 172, 176, 183, 30, 84, 61, 41, 85, 92, 189, 35, 68, 185, 94, 150, 175, 49, 111, 139, 62, 117, 187, 19, 75, 136, 36]
_KP path: =[[], [0, 0, 1], [1, 1, 1], [0, 1, 1], [0, 1, 0], [0, 1, 0], [1, 0, 0], [0, 0, 0], [0, 0, 0], [1, 1, 0], [1, 1, 0], [0, 1, 0], [0, 1, 1], [1, 1, 1], [1, 1, 1], [0, 0, 1], [1, 0, 1], [0, 0, 1], [1, 1, 0], [0, 0, 1], [0, 0, 1], [1, 0, 0], [0, 1, 1], [0, 1, 0], [0, 1, 0], [1, 1, 1], [1, 1, 1], [1, 1, 0], [1, 0, 0], [0, 0, 0], [1, 1, 0], [1, 0, 0], [1, 0, 0], [0, 1, 0], [1, 0, 0], [0, 0, 0], [0, 0, 1], [0, 1, 0], [0, 1, 1], [0, 1, 1], [0, 1, 0], [1, 0, 1], [0, 0, 0], [1, 1, 1], [0, 1, 1], [0, 0, 0], [1, 0, 0], [1, 0, 1], [1, 1, 0], [0, 1, 1], [1, 1, 0], [1, 0, 0], [1, 0, 0], [1, 1, 0], [1, 1, 0], [0, 0, 1], [0, 0, 0], [0, 0, 1], [1, 1, 0], [1, 0, 1], [1, 1, 1], [0, 1, 1], [1, 0, 0], [0, 0, 1], [0, 0, 1], [0, 0, 1], [0, 1, 0], [0, 0, 1], [0, 1, 0], [0, 1, 0], [0, 1, 1], [0, 0, 1], [0, 1, 1], [0, 0, 0], [1, 1, 1], [0, 0, 1], [0, 1, 0], [1, 1, 0], [1, 1, 0], [1, 1, 1], [0, 0, 0], [1, 1, 0], [0, 0, 1], [1, 0, 0], [1, 1, 1], [1, 1, 1], [0, 0, 1], [0, 0, 1], [1, 1, 0], [0, 1, 0], [0, 1, 0], [0, 1, 0], [1, 0, 1], [1, 1, 1], [1, 0, 1], [0, 0, 1], [0, 0, 0], [0, 0, 0], [0, 1, 0], [0, 1, 0], [0, 1, 0], [1, 1, 0], [1, 1, 0], [1, 1, 1], [1, 0, 0], [1, 0, 0], [1, 1, 1], [0, 0, 0], [1, 0, 0], [0, 0, 1], [0, 0, 1], [0, 0, 0], [1, 0, 0], [1, 0, 0], [1, 1, 0], [1, 0, 1], [0, 1, 1], [1, 1, 1], [1, 1, 0], [0, 1, 1], [0, 1, 0], [0, 0, 0], [1, 0, 1], [1, 0, 0], [1, 0, 0], [0, 1, 1], [1, 0, 0], [0, 1, 0], [0, 0, 0], [0, 0, 1], [0, 0, 1], [0, 0, 0], [0, 0, 1], [1, 0, 1], [1, 0, 0], [0, 1, 1], [0, 1, 0], [0, 1, 1], [0, 1, 0], [1, 0, 0], [0, 1, 1], [0, 0, 0], [0, 1, 1], [0, 1, 0], [0, 0, 0], [0, 0, 1], [1, 0, 0], [0, 1, 0], [0, 1, 0], [0, 1, 0], [0, 0, 1], [1, 1, 1], [0, 1, 0], [0, 1, 1], [1, 0, 0], [1, 0, 0], [1, 1, 0], [1, 0, 0], [1, 1, 0], [0, 1, 0], [0, 0, 1], [1, 1, 1], [1, 1, 1], [1, 1, 0], [1, 1, 0], [1, 0, 0], [0, 1, 0], [1, 0, 0], [1, 1, 0], [1, 0, 0], [0, 0, 1], [1, 0, 1], [0, 0, 1], [0, 0, 0], [1, 0, 1], [1, 1, 1], [1, 0, 0], [0, 1, 1], [1, 1, 1], [0, 0, 0], [0, 0, 1], [0, 0, 0], [0, 1, 0], [0, 0, 1], [0, 0, 0], [1, 1, 1], [1, 1, 0], [0, 0, 1], [1, 0, 1], [1, 1, 0], [0, 1, 1], [0, 0, 0], [1, 0, 0], [1, 0, 0], [1, 0, 1]]
_Fitness value of the best chromosome: =82895.20675684515
_Average fitness value of the population: =81260.39674489
_Age of the best chromosome (num of iterations it has lived): =6
_Local Search function: =greedy_hill_climbing
_Neighborhood TSP: =insertion
_Neighborhood KP: =bit_flip
_Number of neighbors: =10
_Number of max iterations in local search: =20
_KP constraint solver function: =kp_hard_constraint_solver
_