Filename: =Datasets/rat195_n582_uncorr-similar-weights_02.ttp
_Algorithm type: =AlgorithmType.STEADY_STATE
_Perform separately=False
_Population Initialization function: =init_population
_Next Generation function: =replace_the_worst_parent
_Fitness function: =fitness_ttp
_Selection TSP: =r_tournament_selection_with_replacement
_Crossover TSP=order_crossover
_Mutation TSP: =two_opt
_Selection KP: =r_tournament_selection_with_replacement
_Crossover KP: =n_point_crossover
_Mutation KP: =exchange
_Population size: =10
_Iteration number: =15
_Survival/mortality rate: =7
_Elitism: =True
_TSP path: =[100, 42, 55, 178, 125, 49, 66, 170, 159, 137, 13, 135, 118, 190, 4, 183, 0, 128, 109, 53, 172, 179, 147, 83, 22, 168, 79, 78, 61, 136, 126, 29, 186, 187, 54, 140, 7, 6, 56, 11, 62, 193, 70, 132, 189, 112, 171, 174, 166, 40, 32, 34, 24, 143, 169, 91, 88, 152, 164, 73, 139, 107, 20, 75, 133, 64, 14, 15, 154, 50, 77, 144, 48, 38, 167, 127, 161, 81, 130, 71, 131, 120, 123, 98, 184, 138, 162, 99, 82, 37, 129, 80, 182, 156, 89, 113, 93, 45, 35, 155, 26, 110, 165, 76, 134, 180, 153, 47, 87, 44, 106, 102, 58, 57, 175, 163, 96, 95, 52, 94, 151, 19, 16, 5, 51, 9, 191, 30, 86, 41, 176, 160, 114, 97, 146, 177, 63, 39, 74, 141, 67, 12, 31, 68, 158, 111, 150, 1, 10, 185, 194, 104, 188, 121, 116, 60, 103, 117, 173, 27, 23, 46, 2, 192, 142, 90, 101, 105, 43, 115, 21, 122, 72, 149, 85, 157, 124, 18, 8, 65, 28, 59, 92, 17, 181, 148, 3, 36, 84, 119, 25, 145, 33, 108, 69]
_KP path: =[[], [1, 0, 1], [0, 1, 1], [0, 0, 1], [0, 0, 0], [0, 0, 0], [0, 1, 0], [0, 1, 1], [1, 1, 1], [0, 0, 0], [1, 0, 1], [1, 0, 1], [1, 1, 0], [0, 0, 0], [1, 1, 1], [1, 0, 1], [1, 1, 0], [0, 0, 1], [0, 1, 0], [1, 1, 1], [0, 0, 0], [1, 1, 0], [1, 1, 1], [1, 1, 0], [1, 1, 0], [1, 1, 1], [1, 0, 0], [0, 0, 1], [1, 1, 1], [0, 1, 1], [1, 0, 1], [1, 0, 1], [0, 0, 1], [0, 1, 1], [1, 0, 1], [1, 0, 0], [0, 0, 1], [0, 1, 1], [1, 1, 0], [0, 0, 1], [1, 0, 0], [0, 1, 0], [1, 0, 1], [0, 1, 0], [1, 1, 1], [0, 0, 0], [0, 0, 1], [0, 1, 1], [1, 1, 1], [0, 1, 1], [0, 1, 0], [1, 1, 0], [0, 1, 0], [1, 1, 0], [0, 1, 0], [0, 1, 0], [1, 1, 0], [1, 1, 0], [0, 1, 0], [1, 0, 0], [0, 1, 1], [1, 0, 0], [1, 1, 0], [1, 0, 1], [0, 1, 1], [1, 0, 0], [1, 0, 1], [1, 1, 1], [0, 0, 1], [1, 0, 0], [1, 1, 1], [1, 1, 0], [1, 1, 0], [1, 1, 1], [0, 0, 1], [1, 1, 0], [1, 1, 0], [1, 1, 0], [1, 1, 0], [0, 1, 0], [0, 1, 0], [0, 0, 0], [0, 1, 1], [1, 0, 1], [0, 1, 1], [0, 1, 1], [1, 1, 0], [0, 0, 0], [1, 1, 0], [0, 1, 0], [1, 0, 0], [0, 1, 1], [0, 1, 0], [1, 0, 1], [1, 0, 0], [1, 0, 0], [0, 1, 0], [1, 0, 1], [0, 1, 0], [0, 0, 1], [0, 0, 0], [0, 1, 1], [0, 1, 1], [0, 1, 1], [1, 0, 1], [1, 1, 1], [1, 0, 1], [0, 1, 0], [0, 0, 0], [1, 0, 1], [1, 1, 0], [0, 1, 1], [0, 1, 1], [1, 1, 1], [1, 1, 0], [0, 1, 1], [0, 1, 0], [0, 0, 0], [1, 0, 0], [0, 0, 0], [1, 1, 0], [0, 0, 0], [1, 0, 0], [0, 0, 1], [0, 0, 1], [1, 1, 0], [0, 1, 0], [0, 0, 0], [0, 1, 1], [1, 1, 1], [0, 1, 1], [0, 1, 1], [1, 0, 0], [0, 0, 0], [1, 1, 1], [1, 0, 1], [1, 1, 0], [0, 0, 1], [1, 1, 0], [1, 0, 1], [0, 1, 1], [0, 0, 1], [1, 1, 1], [0, 1, 1], [0, 1, 0], [1, 1, 0], [1, 1, 0], [1, 0, 1], [0, 1, 1], [1, 1, 1], [0, 1, 1], [0, 1, 0], [0, 0, 0], [0, 0, 0], [1, 0, 0], [0, 1, 1], [1, 1, 0], [0, 1, 1], [0, 1, 1], [1, 1, 0], [0, 0, 0], [1, 1, 1], [1, 1, 1], [1, 1, 1], [0, 1, 1], [1, 0, 1], [1, 0, 1], [0, 1, 0], [0, 0, 0], [0, 1, 1], [1, 1, 0], [1, 0, 1], [1, 1, 0], [0, 0, 0], [1, 0, 1], [1, 0, 0], [0, 1, 1], [0, 1, 1], [0, 0, 1], [0, 1, 1], [0, 0, 0], [0, 1, 1], [1, 0, 1], [1, 1, 0], [0, 0, 0], [1, 1, 0], [1, 1, 1], [0, 0, 0], [0, 1, 1], [0, 0, 0], [0, 0, 1], [1, 1, 0], [0, 1, 1], [1, 1, 0], [1, 0, 1]]
_Fitness value of the best chromosome: =107159.65175988105
_Average fitness value of the population: =104979.7029215999
_Age of the best chromosome (num of iterations it has lived): =5
_Local Search function: =greedy_hill_climbing
_Neighborhood TSP: =insertion
_Neighborhood KP: =bit_flip
_Number of neighbors: =10
_Number of max iterations in local search: =20
_KP constraint solver function: =kp_hard_constraint_solver
_