Filename: =Datasets/rat195_n582_uncorr-similar-weights_02.ttp
_Algorithm type: =AlgorithmType.STEADY_STATE
_Perform separately=False
_Population Initialization function: =init_population
_Next Generation function: =replace_the_worst_parent
_Fitness function: =fitness_ttp
_Selection TSP: =r_tournament_selection_with_replacement
_Crossover TSP=order_crossover
_Mutation TSP: =two_opt
_Selection KP: =r_tournament_selection_with_replacement
_Crossover KP: =n_point_crossover
_Mutation KP: =exchange
_Population size: =10
_Iteration number: =15
_Survival/mortality rate: =7
_Elitism: =True
_TSP path: =[134, 96, 140, 16, 153, 133, 173, 35, 86, 66, 193, 161, 2, 60, 30, 179, 162, 155, 92, 8, 98, 49, 124, 65, 110, 106, 118, 9, 71, 79, 36, 170, 128, 139, 82, 83, 70, 84, 150, 72, 165, 42, 0, 88, 116, 194, 108, 81, 99, 45, 188, 113, 13, 146, 64, 57, 69, 138, 21, 32, 5, 91, 7, 126, 147, 123, 144, 22, 54, 112, 178, 159, 191, 43, 177, 148, 166, 94, 119, 61, 23, 46, 80, 189, 160, 136, 182, 39, 130, 107, 26, 76, 78, 175, 19, 44, 164, 41, 63, 97, 27, 156, 95, 11, 114, 169, 56, 29, 37, 33, 127, 15, 125, 104, 158, 102, 111, 34, 93, 101, 40, 67, 157, 142, 73, 171, 192, 181, 131, 58, 28, 183, 122, 6, 167, 121, 141, 38, 51, 172, 151, 145, 117, 55, 109, 184, 185, 154, 68, 129, 180, 132, 163, 12, 10, 53, 100, 85, 174, 152, 48, 120, 168, 87, 25, 62, 105, 190, 4, 18, 137, 47, 115, 186, 17, 90, 3, 1, 143, 50, 149, 89, 187, 31, 176, 77, 24, 75, 20, 59, 74, 14, 135, 103, 52]
_KP path: =[[], [0, 0, 1], [0, 1, 0], [1, 0, 0], [1, 1, 1], [0, 1, 1], [1, 0, 0], [1, 1, 1], [1, 1, 0], [1, 0, 0], [0, 0, 1], [0, 1, 0], [0, 0, 1], [1, 1, 0], [1, 0, 1], [0, 1, 0], [1, 0, 1], [0, 0, 1], [1, 0, 0], [1, 1, 1], [0, 1, 0], [1, 0, 0], [0, 1, 0], [0, 0, 1], [1, 1, 1], [1, 0, 1], [0, 0, 1], [0, 0, 1], [0, 0, 1], [0, 0, 1], [1, 1, 1], [0, 1, 1], [1, 1, 1], [1, 1, 1], [0, 0, 1], [0, 0, 0], [0, 1, 0], [1, 1, 1], [1, 1, 0], [1, 0, 0], [1, 1, 0], [1, 1, 0], [0, 1, 0], [1, 1, 1], [0, 1, 1], [1, 1, 0], [0, 1, 1], [1, 0, 1], [1, 0, 0], [1, 1, 0], [1, 0, 1], [1, 1, 0], [0, 0, 1], [0, 1, 0], [1, 1, 1], [1, 0, 0], [0, 0, 1], [0, 0, 1], [0, 0, 0], [0, 1, 1], [1, 1, 0], [0, 0, 0], [1, 1, 0], [0, 0, 1], [1, 1, 0], [0, 0, 1], [1, 0, 1], [1, 0, 0], [1, 1, 1], [0, 1, 0], [0, 0, 1], [1, 1, 1], [1, 1, 1], [1, 0, 1], [1, 1, 1], [0, 0, 1], [1, 1, 1], [1, 1, 0], [0, 0, 0], [1, 0, 0], [0, 0, 0], [1, 0, 0], [0, 0, 1], [1, 0, 0], [0, 1, 1], [1, 0, 0], [1, 1, 0], [1, 1, 0], [1, 0, 1], [0, 1, 0], [0, 0, 0], [0, 1, 1], [1, 0, 1], [0, 1, 1], [0, 1, 1], [1, 0, 0], [1, 0, 1], [0, 1, 1], [0, 0, 0], [1, 0, 1], [1, 1, 1], [1, 0, 0], [1, 1, 1], [1, 1, 1], [0, 0, 1], [0, 1, 1], [0, 0, 1], [0, 1, 0], [0, 1, 0], [1, 0, 0], [0, 1, 0], [0, 0, 1], [1, 0, 0], [1, 1, 1], [1, 0, 0], [1, 1, 1], [1, 0, 0], [0, 1, 1], [1, 1, 0], [1, 1, 1], [1, 1, 0], [0, 0, 0], [1, 0, 1], [1, 1, 1], [1, 1, 1], [1, 1, 1], [1, 1, 0], [0, 0, 0], [1, 1, 1], [0, 1, 0], [1, 1, 0], [0, 1, 1], [0, 0, 1], [0, 1, 0], [1, 1, 0], [1, 1, 1], [1, 0, 0], [0, 1, 0], [1, 1, 1], [1, 1, 0], [1, 1, 1], [1, 0, 1], [1, 1, 0], [0, 1, 0], [1, 1, 0], [1, 1, 0], [1, 1, 1], [0, 0, 1], [1, 1, 1], [0, 1, 1], [1, 1, 1], [1, 0, 1], [1, 1, 1], [1, 1, 1], [0, 0, 1], [1, 1, 1], [1, 1, 1], [1, 1, 0], [1, 1, 1], [0, 0, 1], [1, 1, 1], [0, 1, 1], [1, 1, 1], [1, 1, 0], [1, 1, 1], [0, 1, 0], [1, 0, 0], [1, 1, 1], [0, 1, 0], [1, 0, 0], [0, 0, 1], [1, 0, 0], [0, 0, 1], [1, 0, 1], [1, 1, 1], [0, 0, 0], [1, 1, 0], [1, 1, 1], [0, 1, 0], [1, 1, 1], [1, 0, 0], [0, 0, 1], [0, 1, 0], [0, 1, 0], [1, 0, 1], [0, 1, 1], [0, 1, 0], [0, 1, 0], [0, 1, 0], [1, 1, 1], [1, 1, 0], [0, 1, 0], [0, 0, 1], [1, 0, 0], [1, 1, 1]]
_Fitness value of the best chromosome: =110260.76970300141
_Average fitness value of the population: =104954.20221614956
_Age of the best chromosome (num of iterations it has lived): =12
_Local Search function: =greedy_hill_climbing
_Neighborhood TSP: =insertion
_Neighborhood KP: =bit_flip
_Number of neighbors: =10
_Number of max iterations in local search: =20
_KP constraint solver function: =kp_hard_constraint_solver
_