Filename: =Datasets/rat195_n582_uncorr-similar-weights_02.ttp
_Algorithm type: =AlgorithmType.STEADY_STATE
_Perform separately=False
_Population Initialization function: =init_population
_Next Generation function: =replace_the_worst_parent
_Fitness function: =fitness_ttp
_Selection TSP: =r_tournament_selection_with_replacement
_Crossover TSP=order_crossover
_Mutation TSP: =two_opt
_Selection KP: =r_tournament_selection_with_replacement
_Crossover KP: =n_point_crossover
_Mutation KP: =exchange
_Population size: =10
_Iteration number: =15
_Survival/mortality rate: =7
_Elitism: =True
_TSP path: =[35, 51, 124, 24, 0, 175, 172, 165, 32, 4, 188, 192, 173, 20, 77, 65, 177, 17, 47, 156, 88, 154, 99, 107, 125, 53, 12, 79, 170, 83, 33, 117, 134, 29, 70, 157, 25, 30, 137, 155, 122, 59, 91, 159, 105, 7, 62, 2, 141, 41, 8, 55, 147, 143, 31, 26, 150, 95, 194, 34, 68, 22, 142, 144, 49, 133, 129, 185, 114, 160, 52, 58, 174, 92, 128, 104, 21, 168, 54, 108, 118, 115, 149, 27, 132, 97, 131, 139, 81, 184, 183, 23, 158, 187, 98, 11, 37, 193, 178, 146, 15, 39, 101, 14, 80, 103, 189, 93, 56, 45, 10, 171, 3, 60, 136, 109, 94, 71, 179, 110, 182, 82, 145, 167, 84, 44, 46, 119, 87, 152, 140, 90, 73, 120, 112, 176, 130, 163, 89, 123, 126, 180, 151, 50, 106, 85, 113, 127, 148, 43, 6, 19, 161, 42, 72, 162, 78, 69, 86, 28, 5, 121, 9, 76, 16, 36, 96, 1, 64, 63, 116, 164, 38, 48, 102, 169, 75, 166, 191, 186, 61, 57, 66, 13, 190, 100, 111, 135, 153, 40, 138, 18, 74, 67, 181]
_KP path: =[[], [0, 0, 1], [0, 0, 1], [1, 1, 1], [1, 1, 1], [0, 0, 1], [1, 0, 0], [1, 1, 1], [1, 0, 0], [1, 1, 0], [0, 0, 1], [1, 1, 1], [1, 0, 0], [0, 1, 0], [1, 0, 1], [0, 1, 0], [1, 1, 0], [1, 0, 1], [1, 1, 1], [0, 0, 1], [1, 0, 0], [0, 1, 0], [1, 1, 1], [1, 1, 1], [0, 1, 0], [0, 0, 1], [1, 1, 1], [0, 1, 0], [1, 0, 0], [1, 0, 0], [1, 1, 1], [1, 0, 1], [0, 1, 0], [1, 0, 0], [0, 1, 0], [0, 0, 1], [1, 1, 0], [0, 0, 1], [1, 0, 0], [0, 1, 0], [0, 1, 0], [1, 1, 0], [0, 1, 0], [0, 0, 0], [0, 0, 1], [1, 1, 0], [0, 0, 0], [0, 0, 0], [1, 1, 0], [0, 0, 0], [0, 1, 1], [0, 1, 0], [1, 0, 0], [0, 1, 0], [0, 0, 0], [1, 0, 0], [1, 0, 0], [1, 0, 1], [0, 0, 0], [1, 0, 1], [1, 0, 0], [0, 0, 1], [1, 1, 1], [1, 0, 0], [0, 1, 0], [0, 1, 0], [1, 1, 1], [1, 0, 1], [1, 0, 0], [0, 0, 0], [0, 1, 0], [0, 0, 0], [1, 1, 1], [0, 1, 1], [0, 0, 1], [0, 1, 0], [0, 0, 1], [0, 0, 1], [0, 0, 0], [1, 1, 1], [1, 0, 1], [1, 0, 0], [0, 0, 0], [0, 1, 0], [1, 0, 0], [1, 0, 0], [1, 1, 1], [0, 1, 1], [1, 0, 0], [0, 0, 1], [1, 1, 0], [0, 1, 1], [0, 0, 1], [0, 0, 1], [1, 1, 1], [0, 1, 1], [0, 1, 1], [1, 1, 1], [1, 1, 0], [1, 0, 1], [0, 0, 1], [0, 1, 0], [1, 0, 1], [1, 0, 0], [0, 1, 0], [1, 0, 1], [0, 1, 0], [1, 0, 0], [0, 1, 1], [1, 0, 0], [1, 0, 1], [0, 0, 1], [0, 0, 0], [1, 1, 1], [0, 1, 0], [1, 1, 1], [0, 0, 1], [1, 1, 0], [0, 1, 1], [0, 0, 1], [0, 1, 0], [0, 0, 0], [0, 1, 0], [0, 1, 1], [1, 1, 1], [1, 0, 0], [1, 0, 1], [0, 0, 0], [0, 0, 1], [0, 0, 1], [1, 1, 1], [1, 0, 1], [1, 1, 1], [1, 0, 1], [1, 1, 0], [0, 0, 0], [0, 1, 0], [0, 0, 0], [1, 0, 1], [1, 0, 0], [0, 1, 0], [1, 0, 0], [1, 1, 1], [0, 1, 0], [0, 1, 1], [1, 1, 1], [1, 0, 1], [1, 0, 1], [1, 0, 0], [0, 0, 0], [0, 1, 0], [1, 1, 1], [0, 1, 0], [0, 1, 1], [1, 0, 1], [1, 1, 0], [1, 1, 1], [1, 0, 0], [1, 0, 0], [0, 0, 0], [0, 1, 0], [1, 0, 1], [1, 0, 0], [0, 1, 0], [0, 0, 1], [1, 1, 1], [1, 0, 0], [1, 1, 1], [1, 1, 1], [1, 0, 0], [1, 1, 1], [0, 1, 0], [1, 0, 1], [1, 0, 1], [1, 1, 0], [1, 0, 1], [0, 1, 1], [1, 0, 0], [0, 0, 1], [0, 0, 1], [0, 0, 1], [0, 0, 1], [1, 1, 1], [0, 1, 0], [1, 1, 0], [1, 1, 0], [0, 0, 1], [1, 1, 1], [1, 0, 1], [1, 1, 1], [0, 1, 0], [1, 0, 0], [0, 0, 0], [1, 0, 0], [0, 1, 0]]
_Fitness value of the best chromosome: =105646.98859953908
_Average fitness value of the population: =104137.43853781445
_Age of the best chromosome (num of iterations it has lived): =4
_Local Search function: =greedy_hill_climbing
_Neighborhood TSP: =insertion
_Neighborhood KP: =bit_flip
_Number of neighbors: =10
_Number of max iterations in local search: =20
_KP constraint solver function: =kp_hard_constraint_solver
_