Filename: =Datasets/rat195_n582_uncorr-similar-weights_02.ttp
_Algorithm type: =AlgorithmType.STEADY_STATE
_Perform separately=False
_Population Initialization function: =init_population
_Next Generation function: =replace_the_worst_parent
_Fitness function: =fitness_ttp
_Selection TSP: =r_tournament_selection_with_replacement
_Crossover TSP=order_crossover
_Mutation TSP: =two_opt
_Selection KP: =r_tournament_selection_with_replacement
_Crossover KP: =n_point_crossover
_Mutation KP: =exchange
_Population size: =10
_Iteration number: =15
_Survival/mortality rate: =7
_Elitism: =True
_TSP path: =[72, 194, 37, 64, 149, 27, 13, 153, 142, 41, 125, 144, 81, 121, 70, 99, 4, 171, 68, 115, 69, 21, 19, 49, 58, 133, 147, 139, 57, 30, 97, 95, 61, 51, 180, 159, 66, 164, 83, 84, 112, 127, 162, 42, 143, 108, 122, 91, 192, 150, 9, 106, 172, 111, 14, 7, 89, 50, 10, 92, 161, 55, 76, 20, 160, 184, 118, 28, 88, 154, 63, 141, 5, 26, 186, 80, 114, 8, 131, 79, 152, 36, 103, 173, 181, 193, 1, 185, 191, 140, 158, 134, 105, 165, 65, 96, 151, 187, 73, 32, 135, 47, 169, 117, 40, 110, 54, 59, 119, 62, 31, 16, 101, 116, 23, 43, 145, 168, 167, 44, 33, 157, 174, 75, 38, 25, 82, 94, 2, 53, 128, 183, 56, 170, 78, 52, 60, 177, 104, 6, 136, 120, 166, 148, 35, 3, 175, 39, 22, 46, 98, 11, 132, 29, 100, 109, 17, 182, 74, 77, 48, 188, 93, 163, 113, 178, 190, 138, 85, 90, 12, 129, 126, 15, 156, 34, 102, 130, 86, 146, 179, 107, 137, 176, 123, 87, 45, 124, 0, 189, 18, 24, 67, 155, 71]
_KP path: =[[], [1, 1, 1], [1, 0, 1], [1, 0, 1], [1, 0, 1], [0, 0, 1], [0, 1, 1], [0, 0, 1], [1, 1, 0], [1, 0, 1], [0, 1, 0], [0, 1, 0], [1, 0, 0], [0, 0, 1], [0, 0, 0], [0, 1, 0], [0, 1, 0], [0, 1, 0], [1, 0, 1], [1, 1, 1], [1, 1, 1], [0, 0, 1], [1, 1, 0], [0, 1, 0], [1, 1, 1], [1, 0, 1], [1, 0, 1], [0, 0, 1], [0, 1, 1], [0, 1, 0], [0, 0, 0], [0, 0, 1], [0, 0, 0], [0, 1, 0], [0, 1, 0], [1, 1, 0], [0, 1, 0], [1, 1, 0], [0, 1, 0], [1, 0, 1], [0, 1, 1], [1, 0, 1], [1, 1, 1], [1, 0, 0], [0, 0, 0], [1, 1, 1], [0, 0, 1], [0, 1, 1], [0, 0, 1], [1, 1, 0], [1, 0, 1], [0, 1, 1], [0, 1, 0], [0, 1, 0], [0, 0, 1], [1, 1, 1], [1, 0, 0], [0, 1, 1], [0, 1, 0], [0, 0, 1], [0, 1, 1], [1, 1, 1], [0, 0, 0], [1, 0, 0], [0, 1, 1], [0, 1, 0], [1, 0, 0], [1, 1, 0], [1, 1, 0], [0, 1, 1], [0, 0, 0], [0, 1, 1], [1, 1, 1], [0, 1, 0], [1, 0, 1], [0, 0, 0], [1, 0, 0], [0, 1, 0], [0, 1, 1], [0, 1, 1], [0, 0, 0], [1, 0, 1], [1, 0, 1], [0, 1, 0], [1, 0, 1], [1, 1, 1], [1, 1, 1], [1, 1, 1], [0, 0, 0], [0, 0, 1], [0, 1, 0], [1, 1, 1], [1, 1, 0], [0, 0, 0], [0, 1, 0], [1, 1, 0], [1, 1, 1], [0, 1, 0], [0, 0, 1], [1, 0, 1], [1, 1, 1], [1, 0, 0], [0, 0, 1], [0, 1, 0], [1, 1, 1], [0, 1, 0], [1, 1, 1], [0, 0, 1], [1, 0, 0], [0, 1, 0], [1, 1, 1], [1, 1, 1], [0, 0, 0], [0, 0, 1], [1, 0, 0], [0, 0, 1], [0, 0, 0], [1, 0, 0], [0, 1, 0], [1, 0, 0], [1, 0, 1], [0, 0, 0], [1, 1, 0], [0, 0, 0], [0, 1, 0], [1, 1, 1], [0, 0, 1], [1, 0, 0], [1, 1, 1], [1, 1, 1], [1, 1, 1], [0, 1, 0], [0, 1, 1], [0, 0, 0], [1, 0, 1], [1, 1, 0], [1, 0, 0], [1, 0, 1], [0, 1, 0], [0, 1, 0], [0, 1, 0], [0, 1, 1], [0, 1, 1], [1, 0, 1], [0, 1, 0], [0, 1, 1], [1, 1, 1], [1, 0, 0], [1, 1, 1], [1, 1, 0], [0, 1, 0], [0, 1, 0], [0, 1, 0], [0, 1, 1], [0, 1, 0], [1, 0, 1], [0, 1, 0], [0, 1, 1], [0, 1, 1], [0, 0, 0], [0, 1, 0], [0, 1, 1], [0, 0, 0], [1, 0, 1], [0, 1, 0], [0, 1, 1], [1, 1, 0], [0, 0, 0], [1, 1, 1], [1, 1, 1], [0, 1, 0], [1, 1, 1], [0, 1, 0], [1, 0, 0], [1, 1, 1], [1, 0, 0], [1, 0, 1], [0, 0, 1], [0, 0, 1], [1, 1, 1], [0, 0, 1], [0, 1, 0], [0, 0, 1], [0, 1, 0], [0, 1, 1], [0, 1, 0], [1, 0, 1], [0, 1, 1], [1, 1, 0], [1, 0, 1], [0, 0, 1], [1, 1, 1], [0, 1, 0], [1, 0, 0], [0, 0, 1]]
_Fitness value of the best chromosome: =107093.73213032665
_Average fitness value of the population: =104452.57097246825
_Age of the best chromosome (num of iterations it has lived): =11
_Local Search function: =greedy_hill_climbing
_Neighborhood TSP: =insertion
_Neighborhood KP: =bit_flip
_Number of neighbors: =10
_Number of max iterations in local search: =20
_KP constraint solver function: =kp_hard_constraint_solver
_