Filename: =Datasets/rat195_n582_uncorr-similar-weights_02.ttp
_Algorithm type: =AlgorithmType.STEADY_STATE
_Perform separately=False
_Population Initialization function: =init_population
_Next Generation function: =replace_the_worst_parent
_Fitness function: =fitness_ttp
_Selection TSP: =r_tournament_selection_with_replacement
_Crossover TSP=order_crossover
_Mutation TSP: =two_opt
_Selection KP: =r_tournament_selection_with_replacement
_Crossover KP: =n_point_crossover
_Mutation KP: =exchange
_Population size: =10
_Iteration number: =15
_Survival/mortality rate: =7
_Elitism: =True
_TSP path: =[89, 46, 120, 32, 80, 140, 14, 111, 48, 104, 97, 157, 147, 78, 72, 106, 110, 23, 174, 172, 66, 76, 112, 155, 153, 75, 122, 83, 161, 179, 33, 21, 176, 92, 91, 167, 123, 139, 129, 194, 191, 74, 178, 148, 56, 12, 40, 131, 43, 71, 8, 132, 53, 30, 189, 136, 0, 169, 150, 2, 47, 5, 65, 68, 11, 35, 69, 15, 192, 57, 25, 121, 171, 184, 152, 118, 177, 158, 70, 38, 41, 151, 173, 24, 18, 63, 36, 19, 52, 85, 162, 73, 62, 64, 31, 160, 9, 102, 29, 45, 93, 163, 16, 55, 135, 61, 58, 116, 20, 175, 186, 138, 114, 124, 94, 27, 50, 17, 113, 127, 142, 170, 168, 3, 182, 146, 26, 166, 128, 28, 125, 159, 39, 34, 117, 95, 37, 193, 188, 141, 98, 100, 87, 137, 10, 84, 133, 181, 154, 49, 108, 145, 96, 134, 79, 144, 51, 165, 103, 7, 90, 185, 183, 156, 107, 88, 109, 99, 187, 180, 130, 1, 42, 149, 164, 6, 105, 119, 82, 4, 44, 86, 143, 22, 54, 190, 67, 101, 115, 81, 60, 59, 126, 77, 13]
_KP path: =[[], [0, 0, 1], [1, 1, 0], [1, 0, 0], [1, 1, 0], [0, 1, 1], [1, 0, 1], [0, 0, 1], [1, 1, 0], [0, 1, 0], [1, 1, 1], [1, 1, 1], [0, 1, 0], [1, 1, 0], [0, 0, 1], [0, 1, 0], [0, 1, 0], [1, 1, 1], [1, 1, 0], [0, 0, 1], [0, 0, 1], [0, 1, 0], [0, 0, 1], [1, 1, 1], [1, 1, 1], [1, 0, 0], [1, 0, 1], [1, 0, 1], [0, 0, 0], [0, 1, 0], [0, 1, 1], [1, 0, 0], [0, 0, 1], [1, 1, 1], [0, 0, 1], [1, 0, 0], [1, 1, 1], [0, 0, 1], [1, 0, 0], [0, 0, 0], [1, 1, 0], [1, 0, 1], [0, 1, 0], [0, 1, 1], [0, 0, 1], [1, 0, 0], [1, 1, 1], [1, 1, 1], [1, 0, 0], [1, 1, 0], [1, 0, 1], [0, 1, 0], [0, 0, 1], [1, 0, 0], [0, 0, 1], [0, 0, 0], [0, 0, 1], [1, 1, 1], [1, 0, 0], [0, 0, 0], [1, 0, 1], [1, 1, 0], [1, 0, 0], [1, 1, 1], [1, 0, 1], [1, 0, 0], [1, 0, 1], [0, 1, 0], [0, 1, 0], [0, 0, 1], [0, 0, 1], [0, 1, 1], [0, 0, 1], [0, 1, 0], [0, 0, 1], [1, 0, 1], [0, 0, 1], [0, 0, 1], [0, 1, 0], [0, 0, 0], [1, 1, 0], [1, 0, 0], [0, 1, 1], [1, 1, 1], [1, 1, 0], [1, 1, 1], [1, 1, 0], [0, 0, 1], [0, 1, 1], [0, 1, 0], [0, 0, 1], [1, 0, 1], [0, 0, 1], [1, 1, 0], [0, 1, 0], [0, 1, 0], [0, 1, 1], [1, 1, 0], [1, 1, 0], [1, 0, 1], [0, 0, 0], [0, 1, 0], [0, 1, 1], [0, 0, 1], [0, 0, 1], [0, 1, 0], [0, 0, 1], [1, 0, 1], [1, 1, 0], [1, 0, 0], [0, 0, 1], [1, 1, 1], [0, 0, 1], [0, 0, 1], [0, 1, 0], [1, 1, 1], [0, 1, 1], [1, 0, 1], [0, 1, 0], [1, 1, 0], [1, 0, 1], [0, 0, 0], [1, 1, 1], [1, 1, 0], [0, 0, 1], [1, 1, 1], [0, 0, 0], [1, 1, 1], [1, 1, 1], [0, 0, 1], [0, 1, 0], [0, 1, 0], [1, 0, 0], [1, 0, 1], [1, 1, 1], [1, 1, 1], [1, 0, 0], [1, 1, 1], [0, 1, 0], [0, 1, 0], [1, 0, 0], [1, 1, 1], [0, 0, 1], [1, 1, 1], [1, 0, 1], [1, 0, 1], [0, 1, 1], [0, 0, 0], [1, 0, 0], [1, 0, 0], [0, 1, 0], [1, 1, 0], [0, 1, 0], [1, 1, 0], [1, 1, 1], [1, 1, 0], [0, 0, 1], [0, 0, 1], [0, 0, 0], [0, 0, 0], [1, 0, 0], [0, 1, 1], [0, 1, 0], [0, 0, 1], [0, 1, 0], [1, 0, 1], [1, 0, 1], [0, 0, 1], [0, 1, 0], [1, 1, 1], [0, 1, 1], [0, 1, 0], [0, 0, 1], [1, 1, 1], [0, 0, 1], [0, 1, 1], [0, 0, 0], [1, 1, 1], [1, 1, 0], [0, 0, 0], [1, 0, 0], [1, 0, 1], [0, 1, 0], [1, 1, 1], [1, 0, 1], [0, 0, 1], [0, 0, 0], [0, 1, 1], [1, 1, 0], [0, 1, 1], [1, 1, 0], [0, 1, 0], [0, 0, 1], [1, 1, 1], [0, 1, 0]]
_Fitness value of the best chromosome: =106691.1417197827
_Average fitness value of the population: =103454.82881193649
_Age of the best chromosome (num of iterations it has lived): =11
_Local Search function: =greedy_hill_climbing
_Neighborhood TSP: =insertion
_Neighborhood KP: =bit_flip
_Number of neighbors: =10
_Number of max iterations in local search: =20
_KP constraint solver function: =kp_hard_constraint_solver
_