Algorithm type: =AlgorithmType.GENERATIONAL
_Population Initialization function: =init_population
_Next Generation function: =replace_by_random_choice
_Fitness function: =fitness_ttp
_Selection TSP: =linear_ranking_selection
_Crossover TSP=inner
_Mutation TSP: =inner
_Selection KP: =linear_ranking_selection
_Crossover KP: =inner
_Mutation KP: =inner
_Population size: =5
_Iteration number: =10
_Survival/mortality rate: =1
_Elitism: =True
_TSP path: =[6, 29, 3, 17, 9, 8, 40, 5, 30, 15, 38, 47, 33, 11, 22, 37, 50, 26, 25, 12, 18, 31, 35, 44, 20, 32, 48, 1, 7, 24, 49, 45, 13, 36, 41, 16, 21, 46, 19, 10, 2, 28, 27, 23, 4, 0, 51, 42, 43, 39, 34, 14]
_KP path: =[[], [0, 0, 0, 1, 1, 1, 0, 0, 1, 1], [1, 0, 0, 0, 1, 1, 0, 0, 1, 0], [0, 0, 0, 1, 1, 1, 0, 1, 0, 0], [1, 1, 1, 0, 1, 1, 1, 1, 1, 1], [1, 1, 1, 0, 0, 0, 0, 0, 0, 0], [1, 0, 0, 0, 0, 1, 0, 0, 1, 0], [1, 0, 1, 0, 1, 1, 0, 1, 1, 1], [1, 0, 1, 0, 1, 0, 0, 1, 1, 0], [1, 0, 1, 1, 0, 0, 1, 1, 0, 1], [0, 0, 1, 1, 1, 1, 1, 1, 0, 1], [0, 0, 0, 1, 0, 1, 1, 0, 1, 0], [1, 0, 1, 0, 0, 1, 1, 1, 1, 0], [0, 0, 1, 1, 0, 1, 1, 0, 1, 0], [1, 0, 1, 1, 1, 1, 1, 0, 0, 1], [1, 1, 0, 1, 0, 1, 1, 0, 1, 1], [1, 0, 1, 1, 0, 1, 0, 0, 0, 0], [1, 0, 0, 0, 1, 0, 0, 0, 1, 0], [0, 1, 0, 0, 1, 1, 0, 1, 0, 0], [1, 1, 1, 0, 0, 1, 0, 1, 0, 1], [0, 1, 0, 1, 1, 0, 0, 1, 0, 0], [0, 0, 1, 0, 1, 0, 0, 1, 1, 0], [1, 0, 0, 1, 0, 1, 1, 1, 0, 1], [1, 1, 1, 0, 0, 1, 1, 0, 1, 1], [1, 1, 1, 0, 1, 1, 0, 1, 0, 0], [1, 0, 1, 1, 0, 1, 0, 0, 1, 0], [1, 0, 0, 1, 1, 1, 1, 1, 1, 0], [0, 0, 1, 0, 1, 1, 1, 0, 0, 1], [1, 1, 0, 1, 0, 0, 0, 1, 1, 1], [1, 1, 1, 1, 0, 0, 1, 1, 0, 1], [0, 1, 0, 1, 1, 1, 0, 1, 0, 1], [1, 1, 0, 0, 0, 1, 0, 0, 1, 1], [0, 0, 0, 1, 0, 1, 1, 1, 1, 1], [1, 1, 0, 1, 1, 1, 1, 1, 0, 1], [0, 0, 0, 0, 0, 0, 0, 0, 0, 0], [1, 1, 1, 0, 1, 0, 0, 0, 1, 1], [1, 0, 0, 0, 1, 1, 0, 0, 0, 1], [0, 0, 1, 1, 1, 1, 1, 1, 0, 0], [1, 0, 0, 1, 0, 1, 0, 1, 0, 0], [1, 0, 1, 0, 1, 1, 0, 1, 0, 0], [1, 1, 1, 1, 1, 0, 1, 0, 0, 0], [0, 1, 1, 0, 1, 0, 0, 1, 1, 1], [0, 1, 0, 1, 0, 1, 0, 0, 1, 1], [1, 0, 0, 1, 1, 0, 0, 1, 1, 0], [0, 1, 1, 0, 1, 0, 0, 1, 0, 1], [0, 0, 0, 0, 1, 0, 0, 0, 0, 0], [0, 1, 0, 1, 0, 1, 1, 0, 1, 1], [0, 0, 1, 0, 0, 1, 1, 1, 1, 1], [0, 0, 0, 1, 0, 1, 1, 0, 1, 0], [0, 1, 0, 1, 1, 1, 1, 1, 1, 1], [1, 0, 1, 0, 0, 0, 1, 1, 1, 0], [1, 0, 0, 0, 0, 1, 0, 1, 1, 0]]
_Fitness value: =14476.258983219956
_Age of the best chromosome (num of iterations it has lived): =0
_Local Search function: =greedy_hill_climbing
_Neighborhood TSP: =inner
_Neighborhood KP: =inner
_Number of neighbors: =10
_Number of max iterations in local search: =20
_KP constraint solver function: =kp_hard_constraint_solver
_