Algorithm type: =AlgorithmType.STEADY_STATE
_Perform separately=False
_Population Initialization function: =init_population
_Next Generation function: =replace_by_random_choice
_Fitness function: =fitness_ttp
_Selection TSP: =linear_ranking_selection
_Crossover TSP=cycle_crossover
_Mutation TSP: =insertion
_Selection KP: =linear_ranking_selection
_Crossover KP: =n_point_crossover
_Mutation KP: =bit_flip
_Population size: =5
_Iteration number: =10
_Survival/mortality rate: =2
_Elitism: =True
_TSP path: =[23, 3018, 600, 104, 2493, 198, 662, 439, 334, 2599, 376, 2720, 1093, 2182, 2734, 1075, 2157, 2358, 1897, 2117, 1754, 184, 215, 1805, 1758, 1710, 2679, 1359, 1318, 1919, 1089, 26, 2332, 463, 2752, 815, 271, 165, 665, 917, 2502, 791, 1904, 2383, 1495, 2085, 159, 2557, 313, 2716, 1077, 541, 634, 2390, 2992, 363, 711, 1504, 2320, 4, 2, 1582, 843, 2575, 2179, 108, 1500, 2005, 927, 507, 1189, 1624, 954, 2504, 2581, 2307, 577, 162, 150, 1021, 54, 2233, 2066, 557, 863, 2947, 1162, 1733, 1499, 486, 882, 1639, 2749, 2993, 1605, 2405, 1778, 1711, 449, 348, 342, 1192, 2596, 91, 870, 2397, 1661, 2343, 698, 1519, 2103, 1109, 2525, 1714, 1731, 1642, 1772, 599, 350, 2819, 2954, 702, 409, 1866, 210, 410, 358, 438, 1099, 2004, 2433, 2549, 2393, 3010, 2598, 2398, 2591, 1002, 2058, 1680, 3032, 1964, 2998, 511, 1763, 242, 27, 648, 1982, 2214, 398, 46, 2552, 2161, 1339, 1984, 2922, 288, 970, 2404, 2053, 2067, 1802, 2637, 1968, 3024, 461, 2425, 1316, 280, 880, 56, 1405, 243, 2469, 404, 1693, 2570, 2820, 2848, 2718, 988, 1665, 2112, 1407, 1794, 1762, 2866, 11, 1938, 2420, 2497, 881, 722, 828, 2877, 2155, 2627, 2213, 1004, 2329, 1632, 755, 2080, 2803, 1221, 1768, 2501, 1845, 1060, 1943, 730, 1900, 1137, 2374, 1231, 761, 699, 2860, 1453, 2444, 1176, 733, 2636, 24, 508, 1603, 1258, 220, 1326, 2222, 778, 1123, 2646, 253, 2263, 1555, 1644, 42, 2955, 2823, 2520, 208, 1648, 1978, 2708, 1024, 2206, 217, 1477, 3004, 2479, 1257, 2488, 691, 390, 1572, 189, 1697, 2817, 112, 1218, 1468, 947, 2781, 1574, 2626, 1110, 607, 1419, 626, 2870, 1049, 1132, 2711, 1834, 1737, 191, 3011, 458, 487, 1306, 282, 378, 731, 1986, 817, 2719, 1349, 1540, 222, 2230, 2451, 2318, 2277, 562, 1138, 1388, 2754, 1279, 1083, 1006, 2331, 864, 895, 2706, 1261, 2056, 620, 2137, 2703, 1521, 2556, 201, 338, 3007, 2464, 1284, 2381, 2960, 1776, 1027, 368, 2523, 1691, 520, 1606, 728, 2463, 1507, 1970, 1434, 1105, 21, 1486, 1858, 387, 493, 2691, 1881, 391, 2797, 1836, 1981, 918, 233, 2323, 212, 603, 1636, 1784, 2163, 985, 2240, 514, 1492, 2962, 314, 953, 984, 1119, 546, 1950, 905, 417, 530, 2667, 1655, 594, 678, 229, 859, 688, 1515, 1998, 1352, 868, 2429, 1713, 9, 1781, 1346, 2963, 1383, 2977, 1812, 1345, 911, 2802, 2721, 403, 1272, 992, 67, 2941, 2457, 2713, 806, 1929, 2101, 1297, 2762, 354, 1427, 1040, 85, 2025, 808, 2455, 563, 2083, 1309, 2639, 1533, 2583, 2648, 1022, 414, 1202, 2391, 144, 2645, 1038, 80, 478, 2812, 945, 714, 455, 1418, 1165, 2567, 963, 1059, 128, 6, 1756, 245, 1081, 2268, 502, 2123, 1064, 467, 2388, 2824, 2531, 82, 1581, 1016, 1700, 2099, 1598, 1803, 1251, 744, 2205, 1116, 732, 1131, 2814, 2030, 328, 258, 2379, 873, 1013, 1525, 1745, 2689, 687, 2254, 116, 1333, 589, 951, 1808, 126, 256, 51, 466, 2472, 1263, 370, 1280, 2783, 1003, 1240, 1177, 1298, 906, 1329, 2845, 3003, 1916, 1393, 2905, 2153, 725, 2438, 580, 2968, 2535, 2889, 939, 40, 3026, 2097, 437, 1837, 1727, 2635, 22, 2729, 1460, 2040, 2844, 1911, 2533, 2908, 453, 1777, 617, 2604, 2187, 875, 1488, 298, 2505, 2727, 696, 1627, 543, 1649, 1882, 503, 2440, 87, 2896, 2424, 2003, 411, 1676, 38, 468, 1443, 1783, 795, 2369, 759, 638, 1039, 2427, 2835, 2467, 816, 1226, 1498, 774, 29, 1035, 444, 2021, 448, 1416, 910, 2952, 2120, 2032, 2574, 2981, 2453, 2280, 642, 2176, 1173, 1972, 1959, 1395, 529, 2337, 1331, 779, 2016, 1361, 2165, 2252, 1233, 47, 1088, 2878, 1774, 1578, 2483, 2584, 2693, 1253, 2602, 2919, 287, 2482, 2856, 2069, 2301, 2608, 1921, 629, 2168, 1723, 2180, 901, 1367, 2510, 2872, 1390, 1463, 248, 1000, 2303, 1025, 1452, 1949, 2304, 2169, 1092, 1433, 2462, 1448, 2421, 2725, 183, 2394, 2789, 1067, 967, 2351, 2838, 822, 1076, 1886, 2917, 2653, 1579, 1396, 2353, 1321, 2417, 2800, 362, 1765, 2278, 2009, 2813, 738, 249, 811, 2527, 2910, 1539, 2352, 0, 2389, 64, 289, 742, 2269, 143, 32, 1884, 433, 1875, 274, 78, 2111, 1032, 672, 405, 1554, 49, 1923, 149, 1147, 2476, 331, 1838, 1369, 366, 2698, 1289, 2052, 990, 145, 2697, 2810, 2134, 621, 1430, 209, 2338, 1010, 2738, 2395, 1425, 2508, 908, 574, 2770, 1135, 685, 1471, 260, 2514, 2892, 2799, 2094, 2027, 2685, 2864, 2361, 389, 821, 2658, 1522, 1709, 751, 304, 819, 2291, 1640, 2015, 3017, 88, 2766, 465, 2709, 1255, 2484, 2571, 535, 1328, 1780, 3000, 2081, 802, 2573, 1404, 1814, 355, 669, 2336, 1375, 407, 1742, 1216, 2542, 3019, 2911, 2888, 2108, 301, 1458, 2946, 2013, 727, 408, 781, 3012, 837, 878, 1863, 833, 2647, 1679, 1966, 477, 2156, 277, 1993, 170, 394, 1641, 1244, 2443, 1721, 1870, 1608, 1042, 3030, 2996, 371, 2920, 1159, 2576, 10, 1348, 39, 434, 682, 281, 1310, 2143, 893, 1662, 263, 2929, 431, 707, 902, 406, 818, 2181, 447, 592, 1246, 812, 2251, 2909, 1716, 1145, 105, 1918, 241, 2897, 2261, 1931, 200, 2325, 1320, 1637, 1995, 84, 1593, 2138, 2775, 180, 1825, 1951, 2842, 810, 1456, 1091, 519, 60, 823, 1702, 2432, 2308, 340, 1663, 976, 491, 2412, 2769, 2857, 2154, 1312, 1816, 315, 1936, 512, 1771, 605, 482, 1028, 1869, 2592, 899, 647, 1601, 1843, 2753, 752, 1363, 120, 2415, 975, 1753, 3008, 278, 1183, 2211, 2521, 2448, 509, 1305, 2442, 58, 753, 1020, 2948, 2816, 1621, 2231, 399, 940, 15, 1351, 1275, 1692, 1243, 1588, 935, 13, 1087, 1079, 2033, 800, 866, 1413, 1991, 2674, 2449, 1336, 1222, 2235, 213, 1827, 2831, 2837, 604, 943, 1941, 2956, 1828, 74, 1, 1143, 2411, 152, 321, 1761, 141, 554, 1902, 267, 998, 1239, 544, 2747, 2863, 3, 386, 2238, 1322, 1800, 336, 218, 1565, 2489, 168, 2776, 1657, 2436, 2740, 1686, 972, 1048, 663, 960, 1810, 2586, 1585, 1643, 1516, 659, 1212, 2236, 50, 2216, 2172, 2014, 889, 2428, 2192, 174, 1178, 160, 307, 205, 247, 1265, 2723, 2695, 1591, 164, 872, 2696, 2315, 2492, 799, 2829, 2589, 651, 2623, 2494, 2699, 295, 2893, 193, 255, 883, 1186, 2249, 284, 48, 2663, 2742, 2418, 2062, 876, 814, 460, 777, 440, 1547, 2582, 135, 330, 700, 1374, 2060, 2735, 1909, 430, 2528, 1303, 974, 956, 2295, 1942, 2660, 1474, 2474, 1236, 2652, 2805, 69, 1161, 96, 2191, 2899, 276, 1358, 1506, 555, 1739, 95, 129, 639, 1046, 2435, 2745, 1286, 1804, 445, 2862, 292, 1570, 166, 2854, 492, 2091, 1124, 930, 2850, 1549, 664, 202, 2327, 2496, 689, 1052, 1324, 1209, 1903, 2008, 2164, 272, 2536, 2250, 2833, 1835, 1583, 1444, 2275, 290, 359, 764, 534, 978, 2217, 2195, 1622, 1842, 2034, 2686, 2219, 2534, 457, 2340, 2031, 1767, 635, 2487, 2839, 1187, 786, 601, 624, 1428, 1207, 1971, 1473, 384, 72, 1925, 3006, 2125, 92, 155, 750, 952, 1650, 1571, 3013, 1544, 454, 2515, 550, 1706, 312, 1975, 107, 1871, 2102, 7, 1910, 2239, 374, 1635, 2757, 726, 1249, 1438, 1740, 2446, 1227, 2588, 2544, 2333, 1946, 2923, 1111, 2262, 2641, 341, 1589, 983, 763, 997, 2539, 285, 259, 2096, 1489, 379, 2710, 2807, 1618, 2506, 450, 2748, 1343, 776, 2705, 1683, 703, 548, 2644, 1699, 1455, 964, 190, 140, 2441, 2298, 1988, 2049, 1155, 2692, 1980, 2828, 1979, 1130, 1746, 1614, 1446, 705, 2302, 1610, 1485, 1080, 237, 804, 1149, 2886, 351, 2366, 2237, 1530, 2664, 715, 1426, 2245, 857, 2193, 1294, 2461, 127, 712, 361, 1782, 982, 266, 1158, 103, 187, 1423, 1511, 2456, 1327, 2458, 2459, 1074, 2208, 2670, 1895, 2341, 1752, 134, 1890, 2821, 793, 891, 1338, 12, 2595, 2201, 133, 1985, 1072, 43, 310, 2804, 352, 513, 1513, 1730, 349, 966, 1503, 2039, 579, 1175, 2613, 2054, 2715, 2279, 471, 2471, 2375, 2046, 1026, 2793, 1656, 2853, 1342, 2372, 2122, 2907, 2970, 1879, 567, 2610, 852, 2289, 2874, 2967, 2672, 1563, 1893, 2615, 2649, 2890, 489, 749, 2796, 1133, 2434, 2675, 826, 1535, 746, 45, 130, 2965, 1732, 2346, 425, 1151, 2825, 1725, 1715, 93, 1009, 2267, 2561, 426, 1208, 1556, 320, 747, 2678, 1855, 1023, 500, 1465, 388, 1179, 820, 1792, 2283, 2348, 369, 1387, 2107, 3029, 1823, 250, 2784, 1417, 2322, 708, 1379, 2000, 2852, 41, 2545, 2011, 1550, 686, 2739, 2982, 33, 2045, 2979, 118, 2563, 1029, 1229, 94, 1368, 2834, 1877, 1607, 495, 1953, 654, 132, 2751, 527, 219, 1947, 1684, 65, 2324, 790, 2048, 1888, 627, 767, 1523, 2131, 3028, 2507, 316, 1296, 2616, 1062, 1508, 1830, 1398, 2266, 2386, 644, 2953, 1666, 934, 2798, 2447, 192, 2203, 497, 1198, 476, 2846, 969, 356, 1126, 1628, 121, 2655, 2630, 2997, 1682, 1629, 968, 1529, 560, 1973, 1071, 1600, 2362, 556, 596, 194, 2376, 1191, 1829, 238, 2452, 1694, 1892, 63, 2978, 115, 3025, 1400, 2974, 2110, 2904, 1977, 1719, 2371, 375, 1558, 1220, 2661, 2114, 1163, 1201, 1377, 735, 2503, 2419, 553, 649, 2465, 578, 2777, 2202, 1242, 136, 364, 2194, 1422, 2347, 2934, 2158, 2972, 2522, 1114, 1848, 3021, 2246, 827, 855, 415, 1073, 2780, 1751, 516, 1223, 1172, 1922, 262, 1738, 2126, 1394, 1788, 510, 824, 2271, 537, 1952, 2651, 2363, 70, 690, 884, 2076, 2481, 896, 2580, 1188, 89, 2885, 737, 582, 1041, 346, 965, 1014, 176, 2306, 919, 1722, 199, 588, 483, 846, 564, 679, 625, 718, 1235, 1457, 1527, 2020, 2548, 2918, 2618, 1852, 2226, 2183, 2611, 1481, 2707, 2809, 2077, 294, 1999, 525, 2590, 1594, 2286, 1914, 275, 392, 2657, 2811, 2349, 2413, 1490, 2560, 1575, 396, 1560, 1652, 1146, 1125, 1584, 2064, 766, 2969, 416, 526, 1215, 1674, 566, 239, 834, 2339, 326, 675, 1509, 1672, 1128, 1420, 838, 2059, 2841, 2524, 2607, 147, 90, 1750, 1818, 1482, 558, 2677, 2321, 2704, 347, 1773, 1360, 581, 1853, 602, 1084, 1611, 740, 551, 308, 2791, 1857, 1459, 1370, 125, 1864, 591, 252, 501, 1304, 801, 34, 1703, 2223, 1576, 2926, 279, 459, 2622, 2256, 2086, 397, 1962, 2782, 1963, 2628, 619, 470, 1389, 1170, 2284, 365, 1478, 850, 2621, 1518, 1134, 1450, 1992, 839, 765, 345, 423, 2631, 109, 2593, 2950, 929, 114, 451, 532, 1238, 1667, 1435, 1734, 268, 1793, 2167, 1290, 3036, 20, 1053, 517, 2274, 2827, 236, 1779, 230, 2184, 1880, 2128, 587, 1353, 1252, 3005, 2930, 2029, 1799, 142, 2422, 2146, 575, 1856, 318, 2901, 2273, 2356, 1054, 2772, 1487, 2750, 3015, 2906, 2258, 2281, 1543, 667, 2569, 912, 1225, 854, 1833, 441, 1307, 1366, 2794, 1568, 1277, 522, 462, 2078, 2334, 1112, 1939, 1806, 2007, 2991, 1210, 570, 2392, 302, 1735, 2759, 2119, 1385, 1315, 1497, 1896, 251, 971, 421, 849, 17, 2328, 2221, 1633, 2314, 1193, 157, 1883, 1203, 549, 1553, 2121, 2924, 973, 568, 1701, 2475, 618, 2399, 2529, 2200, 435, 2109, 636, 443, 2294, 504, 1410, 1431, 1445, 2051, 523, 1996, 1185, 28, 1626, 1670, 1678, 887, 2380, 1323, 1514, 1937, 1247, 1669, 2288, 106, 2987, 928, 2460, 2682, 254, 2342, 2160, 1541, 1801, 452, 2124, 653, 2248, 1142, 772, 2684, 1790, 593, 907, 283, 1031, 2509, 858, 138, 2241, 2276, 787, 1920, 1058, 2849, 1671, 909, 474, 1872, 2990, 2609, 30, 1493, 101, 1078, 2272, 2242, 2681, 1101, 1617, 921, 2287, 1537, 100, 1885, 1019, 1136, 1861, 1698, 623, 904, 211, 360, 2737, 1382, 2309, 2659, 994, 595, 1148, 1704, 2477, 2498, 1912, 2218, 2401, 131, 1688, 922, 1197, 1337, 2055, 784, 1199, 736, 948, 382, 2072, 2244, 2385, 2024, 861, 1874, 1760, 1596, 2625, 2701, 2640, 61, 2884, 760, 937, 1270, 2228, 1569, 1841, 1620, 2293, 2553, 77, 1325, 1813, 614, 1397, 479, 2779, 1484, 1098, 2763, 1690, 333, 1234, 2150, 52, 3037, 1085, 2409, 381, 1889, 1933, 848, 661, 2036, 335, 1154, 124, 1759, 1532, 1786, 261, 1213, 1408, 2526, 2903, 1957, 1464, 2035, 977, 1831, 1274, 1268, 1689, 2313, 1292, 1717, 1372, 322, 1090, 1720, 1724, 2683, 1915, 1007, 2407, 2513, 2801, 677, 2694, 2984, 1381, 73, 942, 1510, 1140, 1364, 2881, 181, 1412, 2127, 2989, 8, 2204, 2700, 1878, 2113, 3016, 1646, 197, 1599, 1708, 1011, 913, 344, 2612, 380, 569, 1997, 1264, 860, 2296, 2095, 221, 1121, 264, 1156, 2070, 1815, 1976, 622, 2310, 671, 2104, 2311, 1755, 1335, 1295, 1094, 1609, 2290, 2605, 139, 1974, 1924, 185, 1664, 2743, 2818, 748, 353, 770, 2350, 2680, 2171, 1894, 2196, 807, 2100, 1850, 2057, 2431, 1849, 2247, 1018, 958, 2148, 3009, 2730, 628, 2227, 3023, 1276, 2088, 179, 1449, 2439, 1983, 2512, 154, 2403, 2662, 2317, 1103, 1654, 1402, 1008, 2364, 606, 79, 2118, 182, 1770, 609, 117, 572, 178, 683, 99, 1944, 1969, 1293, 2410, 2744, 2916, 1371, 2162, 1037, 1967, 2136, 2144, 1180, 1913, 296, 1651, 734, 2209, 2147, 803, 2785, 955, 2577, 869, 469, 1958, 2871, 999, 1365, 1619, 633, 1948, 1341, 1545, 1086, 1718, 713, 383, 2654, 2105, 565, 2551, 1501, 658, 323, 2037, 2175, 2075, 418, 429, 1030, 153, 2500, 1300, 2614, 265, 1987, 327, 693, 1945, 83, 1174, 2620, 2768, 2600, 1044, 1414, 925, 1211, 1956, 720, 186, 2300, 1807, 2012, 2761, 3020, 428, 2994, 31, 2400, 2714, 2437, 1638, 2976, 1334, 2480, 1660, 916, 957, 146, 701, 1926, 1245, 539, 2018, 1524, 783, 2792, 332, 2902, 1687, 903, 1096, 1542, 2547, 2365, 754, 293, 1097, 936, 2724, 2450, 668, 825, 446, 1262, 2270, 1399, 1559, 1068, 2980, 1194, 2944, 2061, 119, 590, 892, 55, 1631, 19, 2065, 1437, 851, 915, 35, 1472, 2354, 2330, 1401, 2957, 225, 2650, 660, 1562, 1677, 2949, 845, 2344, 1769, 1164, 1108, 2898, 1373, 2927, 2186, 2225, 223, 1695, 1012, 373, 400, 2546, 97, 300, 585, 538, 158, 1196, 2873, 684, 2795, 464, 1990, 1479, 246, 171, 2808, 25, 2617, 1587, 306, 946, 931, 1122, 1362, 2516, 2098, 299, 2423, 775, 1930, 1899, 1066, 2473, 2260, 206, 2840, 788, 2933, 2084, 561, 1313, 853, 1736, 377, 673, 175, 163, 900, 111, 2445, 1602, 524, 424, 2579, 1036, 1868, 1314, 1117, 422, 1859, 1376, 81, 890, 1301, 552, 2566, 640, 1927, 2921, 297, 68, 1502, 1887, 1673, 756, 2765, 1167, 1047, 1051, 2499, 2935, 1528, 704, 2943, 148, 1115, 2606, 3033, 2925, 1906, 325, 18, 2259, 475, 2132, 1994, 2985, 3035, 1908, 286, 1355, 2491, 2139, 1789, 1278, 339, 1113, 1237, 670, 240, 420, 2880, 2728, 1055, 2756, 2669, 2642, 656, 188, 2319, 745, 1685, 1797, 874, 2517, 226, 2702, 1061, 473, 2152, 597, 2073, 2028, 214, 1819, 123, 319, 2537, 1630, 1615, 2038, 768, 2895, 2913, 427, 528, 2958, 1160, 1432, 1534, 1787, 1157, 515, 2986, 2540, 2151, 2198, 2178, 2538, 2717, 232, 805, 632, 657, 151, 2170, 216, 1757, 2883, 769, 2565, 2971, 1566, 729, 2928, 393, 244, 436, 2093, 2688, 1152, 1470, 1415, 877, 496, 1441, 996, 1712, 920, 2964, 521, 1166, 2597, 1960, 762, 66, 1467, 885, 506, 676, 938, 847, 122, 2656, 2519, 2999, 1357, 1195, 2690, 897, 584, 2790, 1462, 2207, 518, 1809, 2562, 1139, 1592, 1955, 2074, 1520, 979, 2082, 1281, 2632, 1932, 717, 2736, 2197, 2634, 924, 1817, 1616, 2041, 3034, 2594, 995, 2454, 1184, 395, 2712, 1764, 1106, 598, 2026, 2758, 721, 993, 771, 1748, 1217, 2414, 1271, 2861, 1442, 2071, 1259, 856, 2212, 2771, 1168, 2855, 1461, 1104, 2851, 1586, 1050, 709, 1120, 2174, 2019, 2937, 1403, 1045, 2470, 862, 536, 2130, 724, 37, 2149, 2939, 1350, 616, 1954, 576, 2518, 324, 2142, 681, 102, 2774, 1538, 1447, 1065, 1907, 1248, 1846, 987, 1440, 1526, 898, 1561, 173, 1785, 207, 867, 1005, 2643, 1766, 2402, 3014, 1873, 401, 559, 1214, 573, 2299, 1232, 1658, 1070, 1645, 1546, 172, 177, 1494, 2869, 674, 481, 195, 2945, 2345, 2572, 2822, 291, 3001, 1634, 2115, 2224, 14, 2879, 2554, 2876, 1675, 1728, 2787, 1551, 797, 2673, 1380, 1567, 2129, 3031, 1144, 842, 2210, 2530, 1150, 586, 305, 2257, 3022, 1491, 2746, 888, 533, 273, 1308, 2312, 716, 44, 3002, 1439, 2988, 2773, 1182, 542, 1820, 1302, 2253, 2741, 886, 836, 2367, 2377, 2140, 2858, 2002, 757, 235, 1469, 2564, 1254, 741, 2089, 1095, 2865, 113, 59, 1961, 1015, 2023, 2478, 228, 631, 367, 484, 137, 1595, 2068, 2282, 1557, 540, 1056, 2232, 1653, 1531, 2687, 337, 1580, 2215, 1826, 710, 813, 2185, 547, 914, 2141, 1623, 2430, 2092, 2558, 645, 2408, 871, 796, 2726, 2760, 1832, 961, 5, 16, 980, 2199, 789, 1421, 1517, 204, 494, 1512, 2159, 1854, 1169, 2568, 1266, 1282, 959, 1100, 1847, 2973, 2229, 1496, 2265, 1347, 2940, 2633, 1436, 989, 2378, 1057, 472, 692, 2486, 1429, 385, 1705, 456, 2550, 1965, 2882, 1905, 2585, 841, 531, 490, 1573, 1317, 2887, 1597, 1775, 1332, 1483, 36, 1411, 1612, 1033, 2043, 2830, 2624, 1876, 991, 1171, 2931, 1839, 1288, 303, 680, 2671, 2047, 2912, 1466, 1726, 1228, 610, 2555, 2836, 2859, 2370, 1354, 2166, 2190, 2815, 2732, 2335, 2601, 1356, 1424, 1291, 809, 1034, 2234, 413, 432, 652, 719, 1729, 2006, 2951, 2788, 1928, 2966, 161, 2133, 1840, 2468, 2292, 234, 831, 257, 780, 2665, 2733, 2042, 498, 643, 485, 2010, 3027, 1744, 1934, 2466, 706, 2145, 1129, 2173, 2629, 2087, 1127, 357, 2938, 941, 2778, 1564, 641, 613, 2638, 2767, 1267, 1063, 1791, 1017, 2826, 650, 62, 950, 1476, 1862, 865, 2755, 944, 1821, 505, 2619, 1505, 499, 1043, 792, 879, 1590, 488, 2891, 2189, 86, 76, 2243, 2264, 1577, 1340, 1001, 224, 1668, 57, 1204, 1250, 2326, 2116, 1824, 1219, 926, 932, 2915, 2942, 372, 71, 2357, 1330, 2806, 2832, 231, 1384, 1647, 1392, 2373, 1901, 343, 1241, 1625, 2495, 1659, 2961, 2875, 196, 798, 2668, 1409, 1200, 697, 2731, 1230, 2578, 53, 739, 1681, 782, 1548, 923, 1181, 2894, 2355, 694, 2900, 203, 1940, 1989, 1107, 2382, 480, 2936, 2543, 571, 962, 1269, 1891, 844, 785, 1378, 2764, 2135, 2995, 1480, 2406, 1749, 1867, 167, 1391, 2050, 1273, 1536, 1260, 835, 2063, 2220, 1285, 2316, 840, 1552, 1935, 1898, 1406, 2426, 1287, 1102, 743, 1224, 894, 419, 2587, 1844, 758, 1256, 329, 2188, 1707, 1741, 317, 1604, 2017, 269, 1299, 2843, 1454, 1798, 2511, 1795, 933, 156, 1153, 2297, 1696, 612, 2914, 583, 2359, 2847, 2106, 2090, 829, 2666, 1860, 608, 773, 2975, 1283, 615, 227, 2022, 2541, 2867, 1082, 2559, 2490, 1069, 666, 1865, 1811, 630, 1747, 2255, 442, 655, 270, 2416, 2722, 2001, 1851, 2786, 986, 830, 75, 309, 949, 2360, 311, 1190, 2387, 1141, 2676, 832, 2305, 2044, 402, 2285, 2177, 981, 2485, 2532, 412, 723, 2959, 2932, 1743, 1451, 169, 1386, 637, 1475, 1311, 1917, 646, 98, 2868, 110, 2983, 611, 695, 1206, 1613, 1118, 2368, 2079, 1822, 1319, 1796, 2603, 794, 2396, 1205, 2384, 1344, 545]
_KP path: =[[], [1], [0], [1], [0], [1], [1], [0], [0], [1], [0], [1], [0], [1], [1], [0], [1], [1], [0], [1], [1], [0], [0], [1], [1], [0], [1], [0], [1], [1], [0], [0], [0], [1], [0], [1], [0], [0], [0], [0], [1], [1], [1], [1], [1], [0], [1], [1], [0], [0], [0], [0], [1], [1], [1], [1], [0], [1], [0], [0], [0], [0], [1], [1], [0], [0], [1], [1], [0], [1], [1], [1], [1], [0], [1], [1], [1], [1], [1], [0], [0], [1], [1], [1], [0], [0], [1], [1], [0], [1], [1], [0], [0], [0], [0], [0], [1], [0], [1], [1], [0], [0], [1], [0], [0], [0], [0], [0], [1], [0], [1], [1], [1], [0], [0], [0], [1], [0], [0], [1], [0], [0], [1], [0], [0], [0], [1], [1], [1], [0], [1], [0], [1], [1], [0], [1], [1], [0], [0], [0], [1], [1], [1], [1], [1], [0], [0], [1], [0], [0], [1], [0], [1], [0], [0], [1], [1], [0], [0], [0], [0], [1], [0], [0], [1], [0], [1], [1], [0], [0], [0], [1], [1], [0], [1], [1], [1], [1], [1], [1], [1], [1], [1], [0], [0], [0], [0], [0], [0], [1], [0], [0], [0], [0], [0], [0], [0], [0], [1], [1], [1], [1], [0], [1], [1], [1], [1], [0], [0], [1], [0], [0], [1], [1], [0], [0], [1], [1], [0], [1], [1], [1], [0], [0], [0], [0], [1], [0], [0], [1], [1], [1], [0], [1], [1], [1], [1], [1], [0], [1], [1], [1], [0], [0], [0], [1], [0], [1], [0], [0], [0], [0], [0], [1], [0], [1], [1], [1], [0], [0], [0], [1], [0], [0], [1], [1], [1], [1], [0], [1], [1], [1], [1], [1], [0], [0], [1], [0], [0], [1], [1], [0], [0], [1], [0], [1], [0], [0], [0], [1], [0], [1], [1], [0], [1], [0], [1], [1], [1], [1], [0], [1], [0], [0], [1], [1], [0], [1], [1], [1], [0], [0], [0], [1], [1], [0], [1], [1], [1], [1], [1], [0], [0], [1], [1], [0], [0], [1], [1], [1], [1], [1], [0], [0], [1], [1], [0], [1], [1], [1], [0], [1], [0], [1], [1], [1], [1], [0], [1], [1], [0], [0], [0], [1], [1], [0], [1], [1], [0], [1], [1], [0], [1], [0], [0], [0], [1], [0], [0], [0], [1], [1], [1], [1], [0], [0], [1], [1], [1], [1], [1], [1], [0], [0], [0], [0], [0], [1], [0], [1], [1], [1], [0], [0], [0], [1], [0], [1], [0], [0], [0], [0], [0], [0], [1], [0], [1], [1], [1], [1], [0], [1], [1], [0], [1], [0], [0], [0], [0], [1], [0], [0], [0], [0], [1], [1], [1], [0], [0], [1], [0], [0], [1], [1], [0], [1], [0], [0], [0], [0], [0], [0], [0], [0], [1], [0], [1], [1], [1], [1], [1], [0], [0], [1], [0], [1], [1], [1], [0], [1], [0], [0], [1], [0], [0], [1], [1], [1], [0], [0], [1], [1], [0], [1], [1], [0], [1], [0], [1], [0], [1], [0], [1], [0], [0], [1], [1], [0], [0], [0], [0], [0], [1], [0], [0], [0], [1], [1], [0], [0], [0], [1], [0], [1], [1], [0], [1], [1], [0], [0], [0], [0], [1], [1], [1], [0], [0], [1], [0], [1], [1], [1], [0], [1], [1], [1], [1], [1], [0], [1], [0], [1], [0], [1], [0], [0], [0], [0], [0], [1], [1], [1], [1], [0], [1], [1], [0], [0], [0], [0], [1], [0], [1], [0], [1], [0], [0], [0], [1], [1], [0], [0], [0], [1], [1], [1], [1], [0], [1], [1], [0], [1], [0], [0], [1], [0], [0], [0], [0], [0], [0], [0], [0], [0], [0], [1], [0], [1], [0], [0], [1], [1], [1], [1], [1], [1], [0], [1], [1], [1], [0], [0], [0], [0], [0], [0], [0], [0], [0], [0], [1], [1], [0], [1], [0], [1], [0], [0], [0], [1], [1], [1], [1], [1], [1], [0], [0], [0], [1], [0], [1], [0], [1], [0], [1], [1], [1], [0], [0], [1], [1], [1], [1], [1], [1], [1], [0], [1], [0], [0], [0], [0], [1], [0], [0], [1], [1], [0], [1], [1], [1], [0], [1], [0], [0], [0], [0], [1], [1], [1], [0], [1], [0], [0], [0], [0], [0], [0], [0], [0], [0], [1], [1], [1], [1], [1], [1], [1], [1], [0], [0], [0], [1], [1], [0], [0], [1], [0], [1], [0], [0], [1], [0], [0], [0], [1], [0], [0], [0], [0], [0], [0], [0], [0], [0], [0], [0], [0], [0], [0], [1], [0], [0], [0], [1], [1], [0], [1], [0], [0], [0], [1], [1], [1], [1], [1], [0], [0], [1], [0], [0], [0], [1], [1], [1], [1], [1], [1], [0], [1], [1], [0], [0], [0], [1], [1], [0], [0], [0], [1], [1], [0], [1], [0], [1], [1], [1], [0], [0], [1], [1], [1], [0], [0], [0], [0], [1], [1], [1], [1], [1], [1], [1], [1], [1], [0], [1], [1], [1], [0], [1], [0], [0], [1], [1], [1], [0], [0], [0], [0], [1], [0], [0], [1], [1], [1], [1], [1], [1], [1], [1], [0], [0], [0], [0], [1], [1], [0], [0], [0], [1], [0], [0], [0], [1], [1], [0], [1], [0], [1], [1], [1], [1], [0], [0], [1], [1], [1], [1], [0], [1], [1], [0], [0], [1], [1], [1], [1], [1], [1], [1], [0], [0], [1], [0], [1], [1], [0], [1], [0], [0], [0], [1], [0], [0], [0], [1], [1], [0], [0], [0], [0], [1], [1], [0], [1], [1], [0], [1], [0], [0], [0], [1], [1], [1], [0], [0], [0], [1], [0], [0], [1], [0], [1], [0], [1], [1], [1], [0], [1], [0], [1], [1], [0], [0], [1], [1], [0], [0], [1], [1], [1], [1], [0], [0], [0], [1], [1], [0], [1], [1], [1], [1], [0], [0], [0], [0], [0], [0], [1], [1], [1], [1], [0], [1], [1], [1], [1], [0], [0], [1], [0], [1], [1], [0], [0], [0], [0], [0], [1], [0], [0], [0], [0], [0], [0], [0], [0], [1], [0], [0], [0], [0], [1], [1], [1], [0], [0], [0], [0], [0], [0], [1], [1], [1], [0], [1], [1], [1], [0], [0], [1], [0], [1], [1], [1], [1], [1], [1], [0], [1], [0], [1], [0], [0], [0], [0], [1], [0], [1], [0], [0], [0], [0], [0], [0], [0], [1], [0], [0], [1], [0], [0], [0], [1], [0], [0], [0], [0], [0], [1], [1], [0], [0], [0], [1], [0], [1], [0], [1], [1], [1], [0], [0], [1], [1], [0], [0], [1], [1], [0], [0], [0], [0], [1], [0], [0], [0], [0], [1], [0], [1], [0], [1], [0], [0], [0], [0], [0], [0], [0], [0], [0], [1], [0], [1], [0], [0], [1], [0], [1], [0], [0], [1], [0], [0], [1], [0], [0], [0], [1], [1], [0], [0], [0], [0], [1], [1], [0], [0], [1], [0], [0], [0], [0], [0], [0], [0], [0], [1], [0], [0], [1], [1], [1], [0], [1], [0], [1], [1], [0], [0], [0], [0], [0], [0], [0], [1], [0], [1], [0], [0], [0], [0], [0], [1], [1], [0], [0], [0], [0], [0], [0], [0], [0], [0], [1], [1], [1], [1], [1], [0], [1], [0], [1], [0], [0], [0], [1], [1], [1], [0], [0], [1], [0], [0], [0], [1], [1], [1], [0], [1], [0], [1], [0], [1], [1], [0], [0], [1], [1], [1], [1], [0], [0], [1], [0], [1], [1], [0], [1], [0], [0], [0], [0], [0], [0], [0], [1], [0], [1], [1], [0], [0], [1], [1], [0], [0], [0], [0], [1], [1], [0], [1], [0], [0], [1], [0], [1], [1], [1], [0], [1], [0], [0], [1], [0], [0], [1], [1], [0], [0], [1], [0], [1], [0], [1], [1], [0], [1], [1], [0], [0], [1], [0], [1], [1], [0], [1], [1], [0], [0], [0], [0], [0], [0], [0], [1], [1], [1], [1], [1], [0], [0], [0], [1], [0], [1], [1], [0], [0], [1], [0], [0], [1], [1], [1], [1], [0], [0], [1], [1], [0], [1], [0], [0], [1], [0], [1], [0], [0], [1], [1], [0], [1], [1], [1], [1], [1], [1], [1], [0], [0], [0], [0], [0], [1], [1], [1], [1], [0], [1], [1], [0], [0], [0], [1], [1], [0], [0], [0], [1], [0], [0], [0], [0], [0], [0], [1], [0], [1], [1], [1], [0], [1], [0], [0], [0], [1], [1], [1], [0], [0], [0], [0], [0], [0], [0], [0], [1], [0], [1], [1], [0], [1], [0], [1], [0], [0], [0], [0], [0], [0], [0], [1], [1], [1], [1], [0], [0], [1], [0], [1], [0], [0], [0], [0], [0], [1], [0], [0], [0], [0], [1], [1], [1], [1], [0], [0], [0], [0], [0], [0], [1], [0], [1], [0], [1], [0], [0], [0], [0], [1], [1], [1], [1], [0], [1], [0], [1], [1], [1], [0], [0], [0], [0], [0], [0], [1], [1], [0], [1], [1], [1], [0], [1], [0], [1], [0], [1], [0], [0], [0], [1], [0], [1], [0], [0], [1], [0], [0], [1], [0], [1], [1], [0], [0], [1], [0], [1], [0], [0], [1], [0], [1], [1], [0], [0], [1], [0], [1], [0], [1], [1], [1], [1], [0], [1], [0], [0], [1], [1], [0], [1], [0], [1], [0], [0], [0], [0], [1], [1], [0], [1], [1], [0], [1], [0], [1], [0], [1], [0], [1], [0], [0], [0], [0], [1], [1], [1], [0], [0], [0], [0], [1], [1], [0], [1], [1], [1], [1], [1], [0], [0], [0], [0], [0], [0], [1], [1], [0], [0], [1], [1], [0], [1], [1], [1], [0], [0], [0], [0], [1], [1], [1], [1], [0], [1], [0], [1], [1], [1], [0], [1], [0], [1], [1], [0], [0], [0], [0], [1], [0], [0], [1], [0], [1], [1], [0], [1], [0], [1], [0], [0], [1], [0], [0], [0], [0], [1], [0], [0], [1], [0], [0], [1], [0], [1], [0], [1], [0], [0], [1], [1], [0], [1], [1], [0], [0], [1], [1], [0], [0], [1], [0], [0], [0], [1], [1], [0], [1], [1], [0], [0], [0], [0], [0], [0], [0], [1], [1], [1], [1], [1], [0], [0], [0], [0], [0], [1], [1], [1], [0], [1], [0], [1], [1], [1], [0], [0], [1], [1], [0], [0], [1], [1], [0], [0], [0], [0], [0], [0], [0], [0], [1], [0], [1], [1], [0], [1], [0], [1], [0], [0], [0], [1], [1], [0], [0], [1], [1], [0], [1], [0], [1], [1], [0], [0], [1], [0], [0], [0], [1], [1], [0], [1], [0], [1], [0], [0], [1], [0], [1], [1], [1], [1], [0], [0], [1], [0], [1], [1], [1], [0], [1], [1], [1], [0], [0], [0], [0], [0], [1], [0], [0], [0], [0], [0], [0], [1], [1], [0], [0], [1], [1], [0], [1], [0], [1], [1], [1], [0], [0], [0], [0], [1], [0], [0], [0], [1], [1], [1], [0], [0], [1], [0], [1], [0], [1], [0], [0], [1], [1], [1], [1], [1], [1], [1], [1], [1], [1], [1], [1], [1], [0], [0], [0], [1], [0], [1], [0], [0], [0], [1], [0], [1], [1], [1], [1], [1], [1], [0], [1], [1], [0], [1], [1], [0], [0], [0], [1], [0], [0], [1], [1], [1], [1], [1], [0], [1], [0], [1], [0], [1], [0], [0], [1], [1], [1], [0], [0], [0], [1], [1], [0], [0], [1], [1], [1], [1], [0], [0], [0], [1], [0], [0], [1], [1], [1], [0], [0], [0], [0], [0], [1], [0], [1], [1], [0], [0], [1], [1], [0], [0], [1], [1], [0], [0], [0], [0], [0], [0], [0], [0], [0], [0], [1], [0], [0], [1], [0], [0], [0], [0], [0], [0], [0], [0], [1], [1], [0], [0], [1], [0], [0], [0], [0], [0], [0], [0], [1], [1], [1], [1], [1], [0], [0], [0], [1], [0], [1], [1], [0], [1], [0], [0], [0], [0], [0], [1], [0], [1], [0], [0], [0], [0], [1], [1], [1], [0], [0], [1], [0], [1], [1], [1], [0], [0], [0], [0], [0], [0], [1], [0], [1], [1], [0], [0], [1], [0], [1], [1], [1], [1], [0], [0], [1], [1], [0], [0], [1], [0], [0], [1], [1], [1], [1], [0], [1], [0], [0], [0], [0], [1], [0], [0], [0], [1], [1], [0], [0], [1], [0], [1], [0], [1], [0], [1], [0], [1], [0], [1], [0], [1], [0], [1], [1], [1], [1], [0], [1], [0], [0], [0], [0], [0], [1], [0], [1], [0], [1], [0], [0], [0], [0], [0], [1], [1], [1], [0], [0], [0], [0], [0], [1], [0], [0], [1], [0], [1], [1], [0], [0], [1], [1], [0], [0], [1], [0], [0], [0], [1], [0], [1], [1], [1], [0], [0], [0], [0], [0], [0], [1], [0], [0], [1], [0], [1], [0], [1], [1], [1], [0], [1], [0], [1], [1], [1], [1], [0], [0], [1], [1], [0], [0], [0], [0], [0], [1], [0], [1], [0], [0], [0], [1], [0], [0], [0], [0], [0], [1], [0], [1], [1], [0], [1], [0], [1], [1], [0], [0], [1], [0], [1], [1], [0], [0], [1], [1], [1], [0], [1], [1], [1], [1], [0], [1], [0], [0], [0], [0], [0], [0], [0], [1], [0], [1], [1], [0], [0], [0], [1], [0], [0], [1], [1], [0], [0], [1], [1], [0], [0], [1], [0], [0], [0], [0], [0], [1], [0], [1], [0], [0], [1], [1], [0], [1], [1], [0], [0], [1], [1], [0], [1], [1], [1], [0], [0], [1], [0], [0], [1], [0], [1], [0], [1], [0], [1], [0], [1], [0], [0], [1], [0], [1], [1], [0], [0], [0], [0], [1], [0], [1], [0], [0], [1], [1], [1], [0], [1], [1], [0], [1], [1], [0], [1], [1], [1], [0], [0], [1], [0], [1], [1], [1], [0], [0], [1], [1], [0], [1], [1], [1], [1], [0], [1], [1], [0], [0], [1], [0], [1], [1], [1], [1], [1], [0], [1], [1], [1], [0], [0], [0], [0], [1], [0], [0], [0], [0], [0], [1], [0], [1], [1], [0], [1], [1], [0], [1], [1], [0], [1], [1], [1], [1], [1], [1], [1], [1], [0], [1], [0], [1], [0], [0], [1], [1], [0], [0], [1], [1], [1], [1], [1], [1], [1], [0], [0], [0], [1], [0], [0], [0], [1], [0], [0], [1], [0], [0], [0], [0], [0], [1], [0], [0], [0], [0], [1], [0], [1], [0], [0], [1], [1], [0], [1], [0], [0], [1], [1], [1], [0], [0], [1], [1], [0], [1], [0], [0], [0], [1], [0], [0], [1], [1], [0], [0], [0], [1], [0], [0], [0], [0], [0], [0], [1], [1], [0], [0], [0], [0], [0], [1], [0], [1], [1], [0], [1], [1], [1], [0], [1], [0], [1], [1], [0], [0], [0], [0], [0], [1], [0], [0], [1], [1], [1], [1], [1], [1], [1], [1], [0], [1], [1], [0], [0], [0], [1], [0], [0], [0], [0], [0], [0], [0], [0], [0], [1], [0], [1], [1], [0], [1], [0], [1], [1], [0], [1], [0], [1], [0], [1], [0], [1], [1], [1], [1], [1], [1], [0], [1], [0], [0], [1], [1], [0], [0], [1], [0], [0], [1], [1], [0], [1], [0], [1], [1], [0], [1], [1], [1], [0], [1], [0], [1], [0], [1], [1], [0], [1], [0], [0], [0], [0], [0], [1], [0], [1], [1], [0], [0], [1], [0], [0], [0], [1], [0], [0], [1], [1], [0], [0], [0], [1], [0], [0], [0], [0], [1], [0], [0], [1], [1], [0], [0], [1], [0], [1], [0], [1], [0], [1], [0], [1], [1], [1], [1], [0], [0], [1], [1], [0], [0], [0], [0], [0], [0], [1], [0], [0], [1], [1], [0], [1], [1], [1], [0], [1], [0], [1], [0], [0], [1], [1], [0], [1], [1], [1], [1], [1], [0], [0], [1], [1], [0], [0], [1], [0], [1], [1], [1], [0], [0], [0], [0], [1], [1], [0], [1], [0], [1], [1], [1], [1], [0], [0], [0], [0], [0], [0], [0], [0], [0], [0], [1], [1], [0], [1], [1], [0], [1], [1], [1], [0], [1], [1], [1], [0], [0], [0], [1], [1], [1], [1], [0], [0], [0], [1], [0], [0], [1], [1], [1], [1], [1], [1], [1], [1], [0], [0], [1], [0], [0], [0], [0], [1], [0], [0], [0], [1], [1], [0], [1], [1], [0], [0], [0], [1], [0], [0], [0], [0], [0], [0], [0], [1], [1], [0], [0], [0], [1], [0], [1], [0], [1], [1], [0], [0], [1], [1], [0], [1], [1], [0], [0], [0], [0], [0], [1], [0], [1], [0], [1], [1], [0], [1], [1], [1], [0], [1], [0], [0], [0], [0], [1], [1], [1], [1], [1], [1], [0], [1], [1], [1], [0], [0], [1], [0], [0], [0], [1], [0], [0], [0], [0], [1], [1], [0], [1], [1], [1], [1], [1], [1], [0], [0], [0], [0], [1], [0], [0], [0], [1], [0], [1], [0], [0], [1], [0], [0], [0], [0], [1], [1], [0], [1], [0], [1], [0], [0], [1], [0], [1], [1], [0], [1], [0], [0], [1], [1], [1], [1], [1], [0], [0], [1], [0], [1], [0], [0], [1], [1], [1], [1], [0], [1], [0], [1], [0], [1], [1], [0], [0], [1], [1], [1], [1], [0], [0], [1], [1], [1], [1], [0], [0], [1], [0], [0], [0], [0], [1], [0], [0], [0], [0], [0], [1], [1], [0], [0], [1], [1], [1], [0], [0], [0], [0], [0], [1], [1], [1], [0], [0], [1], [0], [0], [1], [1], [1], [0], [0], [1], [1], [1], [0], [0], [0], [1], [1], [0], [1], [1], [1], [0], [0], [0], [1], [0], [1], [1], [0], [0], [1], [0], [0], [0], [0], [1], [0], [0], [0], [1], [1], [0], [1], [0], [1], [0], [1], [0], [1], [0], [0], [1], [0], [0], [0], [1], [1], [0], [0], [1], [0], [0], [0], [0], [0], [0], [0], [0], [0], [0], [1], [1], [0], [0], [1], [0], [0], [1], [0], [0], [1], [0], [0], [1], [1], [0], [1], [0], [0], [0], [1], [0], [0], [0], [0], [1], [1], [0], [0], [0], [0], [0], [1], [0], [1], [1], [0], [0], [0], [0], [0], [1], [1], [0], [0], [1], [1], [0], [1], [0], [1], [1], [0], [1], [1], [1], [1], [1], [0], [0], [0], [0], [0], [0], [0], [1], [0], [0], [0], [1], [0], [0], [0], [1], [1], [1], [0], [1], [0], [1], [1], [0], [0], [1], [1], [0], [1], [0], [1], [0], [0], [0], [1], [0], [1], [1], [0], [0], [0], [1], [1], [1], [1], [1], [0], [0], [0], [0], [0], [1], [0], [1], [1], [1], [1], [0], [1], [0], [0], [0], [1], [1], [1], [1], [0], [1], [1], [0], [0], [1], [1], [0], [1], [1], [1], [1], [1], [1], [1], [0], [0], [0], [1], [0], [1], [1], [0], [0], [1], [0], [1], [0], [1], [0], [1], [1], [0], [0], [0], [1], [0], [1], [0], [1], [1], [0], [1], [1], [1], [1], [0], [1], [1], [0], [1], [0], [0], [0], [0], [0], [0], [1], [0], [1], [0], [0], [0], [0], [1], [0], [0], [0], [1], [0], [1], [0], [1], [1], [0], [1], [1], [0], [1], [1], [1], [0], [1], [0], [1], [1], [1], [0], [0], [1], [0], [1]]
_Fitness value of the best chromosome: =466432.80609602854
_Average fitness value of the population: =465335.13817363314
_Age of the best chromosome (num of iterations it has lived): =9
_Local Search function: =greedy_hill_climbing
_Neighborhood TSP: =insertion
_Neighborhood KP: =bit_flip
_Number of neighbors: =10
_Number of max iterations in local search: =20
_KP constraint solver function: =kp_hard_constraint_solver
_