Algorithm type: =AlgorithmType.STEADY_STATE
_Perform separately=False
_Population Initialization function: =init_population
_Next Generation function: =replace_the_worst_parent
_Fitness function: =fitness_ttp
_Selection TSP: =r_tournament_selection_with_replacement
_Crossover TSP=order_crossover
_Mutation TSP: =two_opt
_Selection KP: =r_tournament_selection_with_replacement
_Crossover KP: =n_point_crossover
_Mutation KP: =exchange
_Population size: =10
_Iteration number: =15
_Survival/mortality rate: =7
_Elitism: =True
_TSP path: =[74, 162, 13, 82, 85, 155, 139, 137, 56, 87, 149, 106, 128, 34, 175, 141, 62, 100, 169, 83, 145, 157, 153, 132, 173, 96, 49, 71, 55, 47, 33, 35, 76, 53, 68, 3, 193, 190, 54, 161, 125, 91, 158, 42, 180, 140, 7, 52, 191, 29, 78, 112, 69, 138, 148, 147, 40, 14, 67, 45, 22, 2, 143, 159, 107, 0, 39, 121, 127, 43, 160, 15, 66, 188, 105, 170, 16, 102, 41, 31, 36, 99, 101, 182, 118, 64, 119, 152, 18, 93, 163, 183, 25, 10, 84, 5, 136, 187, 144, 98, 11, 1, 120, 20, 168, 8, 37, 113, 134, 177, 129, 178, 61, 123, 17, 154, 65, 95, 131, 103, 27, 90, 126, 30, 110, 164, 192, 171, 185, 58, 166, 109, 186, 150, 59, 50, 6, 26, 19, 97, 70, 176, 86, 32, 104, 21, 167, 133, 179, 117, 189, 146, 44, 108, 81, 111, 46, 92, 23, 130, 28, 9, 194, 115, 77, 142, 12, 181, 80, 38, 151, 184, 73, 57, 48, 88, 172, 124, 94, 75, 156, 79, 4, 89, 72, 51, 114, 174, 60, 135, 122, 165, 24, 116, 63]
_KP path: =[[], [1, 0, 0, 1, 0], [1, 0, 1, 0, 1], [0, 0, 0, 1, 0], [1, 1, 0, 0, 0], [1, 0, 1, 0, 0], [1, 1, 0, 0, 1], [1, 1, 1, 0, 0], [1, 0, 0, 0, 1], [0, 0, 1, 0, 0], [1, 1, 1, 0, 1], [0, 0, 0, 1, 0], [0, 0, 0, 1, 0], [1, 1, 1, 0, 0], [1, 0, 0, 0, 1], [1, 0, 1, 0, 1], [0, 1, 0, 1, 1], [1, 1, 0, 0, 0], [1, 1, 1, 1, 0], [0, 0, 0, 1, 1], [1, 1, 0, 1, 0], [1, 1, 1, 1, 0], [0, 0, 0, 0, 0], [0, 0, 0, 0, 0], [1, 0, 0, 1, 0], [1, 1, 1, 0, 1], [0, 1, 0, 1, 1], [1, 0, 1, 1, 1], [0, 1, 1, 1, 1], [0, 0, 1, 1, 0], [0, 1, 1, 1, 0], [0, 1, 1, 0, 0], [0, 0, 0, 0, 0], [1, 0, 1, 1, 0], [1, 0, 1, 0, 1], [0, 1, 1, 0, 0], [1, 1, 0, 0, 1], [0, 1, 1, 1, 1], [0, 1, 1, 1, 0], [1, 0, 0, 0, 1], [0, 1, 1, 1, 0], [1, 1, 1, 0, 0], [0, 0, 1, 0, 1], [0, 1, 1, 1, 0], [0, 1, 0, 1, 1], [1, 0, 1, 1, 1], [0, 1, 0, 0, 0], [0, 1, 1, 0, 0], [0, 1, 1, 0, 1], [1, 1, 0, 1, 1], [1, 0, 0, 0, 0], [0, 0, 0, 0, 0], [0, 1, 1, 0, 0], [1, 0, 0, 0, 0], [0, 1, 1, 0, 0], [0, 1, 0, 1, 1], [0, 1, 0, 0, 0], [0, 0, 0, 1, 0], [1, 1, 1, 0, 0], [0, 1, 1, 1, 1], [0, 1, 1, 1, 0], [1, 1, 1, 0, 1], [1, 0, 0, 1, 0], [0, 1, 0, 0, 0], [0, 0, 0, 0, 0], [1, 1, 0, 0, 0], [0, 0, 0, 0, 1], [1, 0, 1, 1, 0], [0, 1, 1, 1, 1], [1, 1, 0, 0, 0], [0, 0, 0, 1, 1], [0, 0, 1, 0, 1], [1, 0, 1, 1, 1], [1, 1, 0, 1, 0], [0, 0, 0, 0, 0], [1, 1, 0, 1, 1], [1, 1, 0, 1, 1], [0, 0, 0, 0, 0], [1, 1, 0, 1, 1], [0, 1, 1, 0, 0], [0, 1, 0, 1, 1], [0, 1, 0, 0, 0], [1, 0, 1, 1, 1], [1, 0, 0, 0, 1], [1, 0, 1, 0, 0], [1, 0, 1, 1, 1], [0, 0, 0, 1, 0], [0, 1, 0, 0, 0], [0, 0, 1, 1, 1], [0, 1, 1, 0, 1], [1, 1, 0, 0, 1], [1, 0, 0, 1, 0], [1, 0, 0, 1, 1], [1, 1, 0, 0, 1], [0, 0, 1, 0, 0], [1, 1, 0, 0, 1], [1, 1, 0, 1, 0], [0, 0, 1, 1, 0], [0, 1, 0, 0, 1], [1, 0, 0, 0, 1], [0, 1, 0, 0, 0], [0, 0, 1, 0, 0], [0, 0, 0, 1, 1], [0, 0, 1, 1, 1], [0, 0, 1, 1, 0], [0, 1, 0, 0, 0], [0, 1, 1, 1, 1], [1, 1, 1, 1, 1], [0, 0, 1, 1, 0], [1, 1, 1, 0, 1], [1, 1, 0, 1, 1], [0, 0, 0, 1, 1], [1, 0, 1, 0, 0], [1, 1, 0, 0, 0], [0, 1, 0, 1, 0], [1, 1, 0, 1, 1], [0, 1, 0, 1, 0], [0, 1, 1, 0, 1], [1, 1, 1, 1, 1], [0, 0, 1, 0, 0], [0, 1, 1, 0, 0], [1, 0, 0, 1, 0], [1, 0, 1, 1, 0], [1, 0, 1, 1, 1], [1, 1, 1, 1, 0], [1, 0, 1, 1, 1], [1, 0, 0, 1, 1], [1, 1, 1, 1, 0], [0, 1, 1, 0, 1], [1, 0, 0, 1, 1], [1, 1, 0, 1, 1], [0, 1, 0, 0, 0], [1, 1, 1, 0, 0], [0, 0, 1, 1, 1], [0, 1, 0, 1, 0], [1, 1, 0, 0, 0], [1, 1, 1, 1, 1], [0, 1, 1, 1, 0], [1, 0, 0, 1, 1], [0, 1, 0, 0, 0], [1, 1, 1, 0, 1], [0, 0, 0, 0, 1], [1, 0, 1, 0, 1], [0, 1, 1, 0, 1], [1, 0, 1, 1, 0], [1, 1, 1, 1, 0], [1, 0, 1, 1, 0], [1, 1, 1, 1, 1], [0, 0, 0, 1, 1], [1, 1, 0, 0, 1], [1, 0, 1, 0, 0], [1, 0, 0, 0, 1], [0, 1, 0, 1, 0], [0, 0, 1, 1, 1], [1, 0, 1, 1, 0], [0, 1, 1, 1, 1], [0, 0, 0, 1, 1], [1, 1, 0, 0, 1], [1, 0, 1, 0, 0], [0, 0, 1, 1, 1], [0, 1, 0, 0, 1], [1, 1, 1, 0, 0], [0, 0, 0, 1, 0], [1, 0, 1, 1, 1], [0, 0, 0, 0, 1], [0, 1, 0, 1, 1], [1, 1, 0, 0, 0], [0, 1, 0, 0, 1], [0, 0, 0, 1, 1], [0, 1, 0, 0, 1], [0, 1, 1, 0, 1], [0, 1, 1, 0, 1], [0, 1, 1, 0, 1], [0, 1, 0, 0, 0], [0, 1, 0, 0, 1], [0, 0, 0, 1, 0], [0, 0, 0, 0, 0], [1, 0, 1, 0, 0], [1, 1, 1, 1, 0], [0, 0, 0, 1, 1], [0, 1, 1, 0, 1], [1, 0, 0, 1, 1], [1, 0, 1, 1, 0], [1, 0, 0, 0, 0], [1, 0, 1, 1, 1], [0, 1, 1, 0, 0], [0, 1, 1, 0, 0], [1, 1, 0, 1, 1], [1, 1, 1, 0, 0], [0, 1, 0, 1, 0], [0, 0, 1, 1, 1], [0, 0, 0, 1, 1], [1, 0, 1, 1, 1], [1, 0, 1, 0, 1], [1, 1, 1, 1, 1]]
_Fitness value of the best chromosome: =167051.41973999635
_Average fitness value of the population: =162004.17484529296
_Age of the best chromosome (num of iterations it has lived): =6
_Local Search function: =greedy_hill_climbing
_Neighborhood TSP: =insertion
_Neighborhood KP: =bit_flip
_Number of neighbors: =10
_Number of max iterations in local search: =20
_KP constraint solver function: =kp_hard_constraint_solver
_