Filename: =Datasets/rat195_n582_uncorr-similar-weights_02.ttp
_Algorithm type: =AlgorithmType.STEADY_STATE
_Perform separately=False
_Population Initialization function: =init_population
_Next Generation function: =replace_the_worst_parent
_Fitness function: =fitness_ttp
_Selection TSP: =r_tournament_selection_with_replacement
_Crossover TSP=order_crossover
_Mutation TSP: =two_opt
_Selection KP: =r_tournament_selection_with_replacement
_Crossover KP: =n_point_crossover
_Mutation KP: =exchange
_Population size: =10
_Iteration number: =15
_Survival/mortality rate: =7
_Elitism: =True
_TSP path: =[187, 165, 35, 57, 33, 109, 9, 53, 149, 103, 97, 1, 47, 192, 37, 75, 180, 8, 20, 168, 79, 32, 23, 29, 101, 18, 98, 60, 141, 138, 26, 145, 71, 49, 121, 25, 106, 188, 185, 131, 72, 118, 82, 84, 15, 129, 13, 3, 147, 7, 166, 125, 40, 85, 100, 66, 90, 182, 44, 73, 160, 88, 50, 150, 30, 136, 42, 86, 194, 16, 12, 61, 137, 56, 91, 174, 78, 43, 94, 120, 95, 133, 55, 114, 154, 177, 36, 139, 178, 190, 183, 39, 51, 132, 143, 45, 105, 14, 83, 115, 158, 28, 46, 140, 164, 69, 179, 157, 122, 135, 34, 167, 96, 142, 59, 74, 161, 81, 117, 76, 186, 87, 127, 65, 70, 108, 92, 151, 68, 126, 153, 181, 130, 146, 163, 191, 63, 6, 5, 17, 113, 134, 10, 119, 21, 11, 99, 172, 189, 162, 107, 38, 0, 128, 4, 67, 54, 104, 41, 176, 58, 80, 171, 156, 155, 77, 159, 22, 48, 62, 19, 110, 111, 184, 169, 52, 27, 144, 123, 102, 93, 175, 89, 124, 148, 112, 152, 193, 24, 170, 31, 116, 2, 64, 173]
_KP path: =[[], [1, 1, 0], [0, 0, 1], [0, 1, 1], [1, 0, 1], [1, 1, 0], [1, 0, 0], [1, 0, 1], [1, 1, 1], [1, 1, 0], [1, 1, 0], [0, 0, 0], [1, 1, 0], [1, 0, 1], [1, 0, 0], [0, 0, 0], [1, 0, 1], [1, 1, 0], [1, 1, 0], [0, 1, 1], [1, 0, 1], [0, 1, 1], [0, 1, 1], [1, 1, 0], [0, 1, 0], [0, 1, 0], [1, 1, 0], [0, 0, 1], [1, 0, 0], [1, 0, 1], [0, 0, 1], [0, 1, 1], [0, 1, 0], [1, 1, 0], [0, 1, 1], [1, 0, 0], [1, 0, 1], [0, 1, 0], [1, 1, 1], [0, 1, 0], [0, 0, 0], [0, 1, 1], [0, 1, 1], [1, 0, 0], [0, 1, 0], [0, 0, 0], [0, 1, 0], [0, 1, 0], [0, 0, 1], [1, 1, 1], [1, 0, 1], [0, 1, 1], [1, 0, 1], [1, 0, 1], [0, 0, 1], [0, 1, 0], [1, 0, 1], [1, 1, 0], [0, 0, 0], [0, 0, 1], [0, 1, 0], [1, 0, 1], [1, 0, 0], [1, 0, 1], [1, 0, 0], [0, 1, 1], [0, 0, 0], [0, 1, 0], [0, 1, 0], [1, 1, 0], [1, 0, 1], [1, 0, 1], [1, 1, 0], [0, 0, 0], [1, 0, 0], [1, 0, 0], [0, 1, 1], [1, 1, 1], [1, 0, 1], [0, 0, 0], [0, 0, 0], [1, 1, 0], [0, 0, 1], [1, 1, 0], [0, 0, 0], [1, 1, 0], [0, 0, 0], [0, 0, 1], [1, 0, 0], [1, 0, 0], [0, 0, 0], [0, 1, 1], [0, 1, 1], [1, 1, 1], [1, 0, 0], [1, 0, 1], [1, 0, 0], [0, 1, 0], [1, 1, 1], [0, 1, 0], [0, 1, 1], [1, 1, 1], [0, 1, 1], [1, 0, 1], [1, 0, 1], [0, 0, 0], [1, 0, 1], [1, 0, 0], [1, 1, 0], [0, 1, 1], [1, 0, 1], [0, 0, 0], [1, 0, 0], [0, 1, 0], [1, 1, 0], [0, 0, 0], [0, 0, 1], [1, 0, 1], [0, 0, 1], [1, 1, 0], [1, 0, 0], [0, 0, 0], [0, 0, 1], [0, 1, 1], [0, 1, 1], [1, 1, 0], [0, 1, 0], [0, 1, 0], [1, 0, 0], [1, 0, 0], [0, 1, 1], [0, 0, 1], [0, 0, 0], [1, 0, 0], [0, 0, 0], [1, 1, 0], [1, 0, 1], [0, 1, 0], [1, 1, 0], [0, 0, 0], [1, 1, 0], [0, 0, 0], [1, 1, 1], [0, 0, 1], [0, 1, 0], [1, 0, 1], [0, 1, 0], [1, 0, 1], [0, 1, 1], [0, 1, 1], [1, 0, 1], [1, 0, 1], [0, 0, 0], [0, 0, 0], [1, 1, 0], [1, 1, 0], [0, 0, 0], [0, 1, 1], [1, 0, 1], [0, 0, 0], [1, 0, 1], [1, 0, 0], [1, 0, 0], [0, 1, 0], [1, 0, 1], [1, 0, 1], [0, 1, 1], [0, 0, 0], [0, 1, 1], [0, 0, 0], [0, 1, 0], [0, 0, 0], [0, 0, 0], [1, 0, 1], [1, 0, 1], [1, 0, 0], [1, 1, 1], [0, 1, 1], [0, 1, 1], [1, 1, 0], [1, 1, 0], [1, 1, 0], [1, 1, 0], [0, 0, 1], [0, 1, 0], [1, 1, 1], [1, 0, 1], [1, 0, 1], [1, 1, 0], [0, 0, 1], [0, 0, 0], [0, 1, 1], [0, 0, 1], [1, 0, 1], [1, 0, 1]]
_Fitness value of the best chromosome: =107355.92557222862
_Average fitness value of the population: =105234.84233353873
_Age of the best chromosome (num of iterations it has lived): =8
_Local Search function: =greedy_hill_climbing
_Neighborhood TSP: =insertion
_Neighborhood KP: =bit_flip
_Number of neighbors: =10
_Number of max iterations in local search: =20
_KP constraint solver function: =kp_hard_constraint_solver
_