Filename: =Datasets/rat195_n582_uncorr_02.ttp
_Algorithm type: =AlgorithmType.STEADY_STATE
_Perform separately=False
_Population Initialization function: =init_population
_Next Generation function: =replace_the_worst_parent
_Fitness function: =fitness_ttp
_Selection TSP: =r_tournament_selection_with_replacement
_Crossover TSP=order_crossover
_Mutation TSP: =two_opt
_Selection KP: =r_tournament_selection_with_replacement
_Crossover KP: =n_point_crossover
_Mutation KP: =exchange
_Population size: =10
_Iteration number: =15
_Survival/mortality rate: =7
_Elitism: =True
_TSP path: =[128, 74, 76, 107, 44, 187, 7, 67, 117, 59, 172, 6, 174, 22, 98, 49, 51, 34, 33, 2, 77, 20, 38, 164, 184, 65, 5, 138, 143, 0, 47, 153, 108, 137, 28, 93, 66, 158, 11, 50, 35, 165, 3, 91, 135, 54, 13, 131, 37, 55, 15, 124, 151, 178, 17, 95, 4, 166, 1, 43, 173, 177, 70, 75, 194, 182, 18, 52, 105, 8, 168, 41, 127, 150, 32, 126, 40, 62, 136, 123, 169, 36, 176, 185, 125, 141, 148, 86, 192, 16, 10, 99, 156, 144, 119, 45, 110, 25, 19, 88, 157, 104, 121, 79, 60, 85, 84, 39, 161, 186, 129, 89, 180, 61, 58, 132, 106, 56, 145, 118, 188, 12, 189, 175, 27, 133, 111, 159, 31, 96, 139, 81, 147, 193, 80, 120, 48, 112, 103, 114, 46, 97, 30, 116, 171, 170, 73, 130, 162, 183, 90, 92, 71, 82, 155, 101, 64, 191, 94, 152, 21, 115, 154, 57, 109, 179, 160, 53, 63, 102, 78, 142, 140, 69, 122, 134, 149, 163, 14, 9, 113, 181, 23, 87, 72, 83, 29, 167, 100, 24, 68, 146, 26, 42, 190]
_KP path: =[[], [1, 1, 0], [0, 1, 1], [1, 0, 0], [0, 1, 1], [0, 1, 0], [1, 1, 1], [1, 0, 1], [1, 0, 1], [0, 1, 0], [0, 0, 1], [0, 0, 1], [1, 1, 1], [1, 0, 0], [1, 1, 1], [0, 0, 1], [1, 0, 1], [1, 1, 1], [1, 1, 1], [0, 0, 1], [0, 0, 1], [0, 1, 1], [1, 0, 0], [0, 1, 1], [0, 1, 0], [0, 0, 1], [0, 1, 1], [1, 1, 1], [0, 1, 0], [1, 0, 0], [1, 1, 0], [0, 0, 1], [1, 0, 0], [0, 1, 1], [1, 1, 1], [0, 1, 1], [0, 0, 1], [1, 0, 0], [1, 1, 1], [1, 0, 0], [0, 0, 0], [1, 1, 0], [0, 1, 1], [1, 0, 1], [1, 0, 1], [1, 1, 1], [0, 1, 0], [0, 0, 0], [1, 0, 1], [1, 0, 0], [0, 0, 1], [0, 0, 0], [1, 1, 1], [1, 1, 1], [0, 0, 1], [0, 1, 1], [0, 1, 0], [0, 1, 0], [0, 1, 0], [1, 0, 0], [0, 1, 0], [0, 1, 1], [1, 1, 1], [0, 0, 1], [0, 1, 0], [0, 0, 0], [0, 0, 0], [0, 0, 0], [1, 1, 1], [0, 0, 1], [0, 0, 1], [1, 1, 1], [0, 1, 1], [1, 1, 1], [0, 0, 0], [0, 1, 0], [1, 1, 1], [0, 0, 0], [0, 1, 0], [1, 1, 1], [0, 1, 1], [0, 0, 0], [1, 0, 1], [1, 1, 0], [0, 1, 0], [1, 1, 1], [0, 0, 1], [0, 0, 0], [1, 0, 0], [1, 1, 1], [1, 0, 0], [1, 0, 1], [0, 0, 1], [0, 0, 1], [1, 0, 0], [0, 1, 0], [0, 0, 1], [1, 0, 1], [1, 0, 0], [0, 1, 1], [0, 1, 0], [1, 1, 0], [0, 1, 0], [1, 1, 1], [0, 1, 1], [1, 1, 1], [0, 0, 0], [0, 1, 1], [1, 0, 1], [0, 0, 1], [0, 1, 0], [0, 1, 1], [1, 1, 0], [1, 1, 0], [0, 1, 1], [1, 1, 1], [1, 0, 0], [0, 1, 1], [0, 1, 1], [1, 1, 1], [0, 0, 1], [0, 0, 1], [0, 0, 1], [0, 0, 0], [0, 1, 0], [0, 1, 1], [0, 0, 1], [1, 1, 0], [1, 1, 1], [0, 0, 1], [0, 1, 0], [0, 0, 0], [1, 1, 0], [1, 1, 0], [0, 1, 1], [1, 0, 0], [0, 0, 0], [1, 1, 0], [0, 1, 0], [0, 1, 0], [1, 1, 0], [1, 1, 0], [1, 0, 0], [0, 0, 1], [1, 1, 1], [0, 0, 1], [1, 0, 0], [1, 1, 1], [0, 0, 0], [0, 1, 1], [1, 0, 0], [1, 0, 1], [1, 1, 0], [1, 0, 0], [1, 0, 0], [1, 0, 0], [0, 0, 0], [1, 0, 0], [0, 1, 1], [1, 0, 0], [1, 0, 0], [1, 1, 0], [1, 1, 1], [1, 1, 1], [1, 0, 0], [1, 1, 1], [1, 0, 1], [1, 0, 1], [0, 1, 0], [0, 0, 0], [0, 1, 0], [1, 0, 0], [0, 1, 0], [1, 0, 1], [1, 0, 0], [1, 0, 0], [1, 0, 1], [0, 1, 0], [0, 0, 1], [0, 0, 1], [0, 0, 0], [0, 1, 0], [0, 0, 1], [0, 0, 1], [1, 0, 0], [1, 1, 1], [0, 0, 0], [0, 0, 1], [0, 0, 0], [1, 1, 0], [1, 0, 1], [0, 1, 1], [1, 0, 0], [0, 0, 1], [1, 0, 0]]
_Fitness value of the best chromosome: =85122.41023519938
_Average fitness value of the population: =82285.25014316142
_Age of the best chromosome (num of iterations it has lived): =10
_Local Search function: =greedy_hill_climbing
_Neighborhood TSP: =insertion
_Neighborhood KP: =bit_flip
_Number of neighbors: =10
_Number of max iterations in local search: =20
_KP constraint solver function: =kp_hard_constraint_solver
_