Algorithm type: =AlgorithmType.GENERATIONAL
_Population Initialization function: =init_population
_Next Generation function: =replace_by_random_choice
_Fitness function: =fitness_ttp
_Selection TSP: =linear_ranking_selection
_Crossover TSP=inner
_Mutation TSP: =inner
_Selection KP: =linear_ranking_selection
_Crossover KP: =inner
_Mutation KP: =inner
_Population size: =5
_Iteration number: =10
_Survival/mortality rate: =1
_Elitism: =True
_TSP path: =[3, 0, 11, 47, 32, 13, 48, 44, 31, 33, 15, 40, 9, 14, 35, 5, 38, 12, 8, 46, 37, 10, 28, 6, 50, 27, 51, 45, 34, 26, 4, 24, 20, 49, 42, 7, 17, 25, 19, 23, 36, 18, 41, 2, 21, 30, 1, 39, 22, 16, 29, 43]
_KP path: =[[], [1, 0, 0, 0, 0, 0, 0, 1, 0, 0], [1, 1, 0, 1, 0, 1, 1, 1, 1, 1], [0, 1, 1, 1, 0, 1, 1, 0, 0, 0], [1, 0, 1, 0, 0, 0, 1, 0, 0, 1], [1, 1, 0, 0, 0, 1, 1, 0, 1, 1], [1, 0, 0, 1, 0, 1, 1, 1, 1, 1], [1, 1, 0, 1, 1, 1, 1, 0, 0, 1], [0, 1, 1, 1, 0, 0, 1, 0, 0, 0], [1, 0, 0, 1, 1, 1, 1, 0, 1, 0], [1, 1, 0, 1, 0, 1, 0, 1, 1, 0], [0, 0, 1, 0, 0, 1, 0, 0, 1, 1], [0, 1, 1, 0, 1, 0, 0, 0, 0, 0], [0, 1, 1, 0, 1, 0, 1, 0, 1, 0], [1, 1, 0, 0, 0, 0, 0, 0, 0, 1], [0, 1, 1, 1, 0, 0, 0, 0, 0, 0], [1, 1, 1, 0, 0, 1, 0, 1, 1, 1], [1, 1, 1, 0, 0, 0, 0, 1, 0, 0], [1, 0, 0, 0, 0, 1, 0, 1, 0, 1], [0, 0, 1, 1, 1, 1, 0, 1, 0, 0], [0, 0, 0, 1, 1, 0, 1, 0, 1, 1], [1, 1, 1, 1, 0, 1, 0, 0, 0, 1], [1, 1, 1, 1, 0, 1, 1, 0, 1, 0], [1, 0, 0, 1, 0, 0, 0, 1, 0, 1], [0, 1, 1, 0, 1, 1, 1, 1, 0, 1], [0, 0, 1, 1, 1, 0, 0, 0, 0, 1], [1, 0, 1, 0, 0, 0, 1, 0, 1, 0], [1, 1, 1, 1, 1, 0, 1, 1, 0, 1], [1, 0, 0, 0, 1, 1, 0, 1, 0, 1], [1, 0, 0, 1, 0, 0, 1, 1, 1, 1], [1, 1, 0, 0, 1, 1, 1, 1, 0, 0], [1, 1, 1, 1, 0, 0, 0, 0, 0, 1], [1, 1, 0, 1, 1, 1, 1, 0, 0, 0], [0, 1, 0, 1, 0, 1, 0, 0, 1, 0], [0, 1, 0, 1, 0, 1, 1, 1, 0, 0], [1, 0, 0, 0, 1, 0, 1, 1, 1, 1], [1, 0, 0, 0, 1, 1, 0, 1, 0, 1], [0, 0, 1, 1, 1, 0, 0, 0, 1, 0], [0, 1, 0, 1, 1, 1, 0, 0, 0, 0], [0, 1, 1, 1, 0, 0, 1, 0, 1, 1], [1, 1, 1, 1, 0, 0, 1, 0, 0, 0], [1, 0, 1, 0, 0, 0, 1, 1, 1, 1], [1, 0, 0, 0, 0, 1, 0, 0, 1, 1], [0, 1, 1, 1, 0, 0, 0, 0, 1, 0], [1, 0, 1, 1, 1, 1, 0, 1, 1, 0], [0, 0, 1, 0, 1, 1, 1, 1, 1, 1], [1, 0, 0, 0, 1, 0, 0, 1, 1, 0], [0, 1, 1, 1, 0, 0, 0, 0, 1, 0], [1, 1, 0, 0, 1, 1, 0, 0, 0, 1], [0, 1, 1, 1, 0, 1, 0, 1, 0, 0], [0, 0, 0, 1, 1, 0, 1, 1, 1, 0], [0, 1, 1, 0, 0, 0, 0, 0, 0, 1]]
_Fitness value: =15786.034301212365
_Age of the best chromosome (num of iterations it has lived): =1
_Local Search function: =greedy_hill_climbing
_Neighborhood TSP: =inner
_Neighborhood KP: =inner
_Number of neighbors: =10
_Number of max iterations in local search: =20
_KP constraint solver function: =kp_hard_constraint_solver
_