Algorithm type: =AlgorithmType.GENERATIONAL
_Population Initialization function: =init_population
_Next Generation function: =replace_by_random_choice
_Fitness function: =fitness_ttp
_Selection TSP: =linear_ranking_selection
_Crossover TSP=inner
_Mutation TSP: =inner
_Selection KP: =linear_ranking_selection
_Crossover KP: =inner
_Mutation KP: =inner
_Population size: =5
_Iteration number: =10
_Survival/mortality rate: =1
_Elitism: =True
_TSP path: =[11, 44, 2, 24, 15, 47, 22, 10, 48, 32, 3, 43, 4, 25, 20, 31, 33, 18, 12, 27, 21, 19, 46, 45, 41, 7, 28, 14, 26, 34, 40, 16, 36, 50, 8, 51, 0, 9, 13, 37, 30, 17, 35, 29, 49, 5, 6, 42, 39, 38, 23, 1]
_KP path: =[[], [0, 1, 0, 0, 0, 0, 0, 1, 1, 1], [0, 0, 1, 1, 0, 1, 0, 1, 0, 1], [1, 0, 0, 1, 1, 1, 1, 0, 1, 0], [1, 0, 1, 0, 1, 0, 1, 0, 0, 0], [1, 0, 0, 1, 1, 0, 0, 0, 1, 1], [0, 1, 1, 0, 1, 0, 1, 1, 0, 0], [0, 1, 0, 1, 1, 0, 1, 0, 0, 0], [0, 1, 1, 1, 0, 0, 1, 1, 0, 1], [1, 1, 1, 1, 1, 0, 1, 0, 1, 1], [0, 1, 0, 0, 1, 1, 1, 0, 1, 1], [0, 0, 1, 0, 1, 1, 1, 0, 1, 1], [0, 0, 0, 1, 1, 1, 0, 1, 1, 1], [1, 0, 0, 1, 0, 0, 0, 1, 0, 1], [0, 1, 0, 0, 1, 0, 0, 1, 1, 1], [0, 0, 1, 1, 0, 0, 0, 0, 0, 1], [0, 1, 0, 0, 0, 0, 0, 1, 1, 0], [0, 1, 1, 1, 0, 1, 0, 1, 0, 1], [1, 1, 0, 1, 1, 0, 0, 1, 0, 0], [1, 0, 1, 1, 0, 0, 1, 1, 1, 0], [1, 0, 1, 1, 0, 0, 0, 1, 1, 1], [0, 0, 1, 0, 1, 1, 0, 0, 1, 1], [0, 1, 1, 0, 1, 0, 1, 0, 0, 0], [1, 1, 1, 0, 1, 0, 1, 0, 1, 1], [1, 1, 0, 0, 0, 1, 1, 1, 1, 0], [1, 1, 1, 1, 0, 1, 0, 1, 0, 0], [0, 0, 0, 1, 1, 0, 1, 1, 1, 1], [0, 1, 1, 1, 1, 0, 1, 1, 0, 0], [0, 0, 1, 0, 0, 0, 0, 0, 1, 1], [0, 1, 1, 0, 1, 0, 0, 0, 1, 0], [1, 1, 0, 0, 0, 0, 0, 1, 1, 0], [0, 0, 0, 0, 0, 1, 0, 0, 0, 0], [1, 1, 0, 0, 0, 1, 0, 1, 1, 0], [0, 0, 1, 1, 0, 0, 0, 1, 1, 1], [1, 0, 1, 1, 1, 1, 0, 0, 1, 0], [0, 1, 1, 0, 0, 1, 1, 0, 1, 0], [0, 0, 1, 1, 1, 0, 1, 0, 0, 0], [0, 1, 1, 1, 0, 0, 1, 1, 0, 1], [1, 1, 0, 1, 0, 0, 1, 1, 1, 1], [1, 1, 0, 1, 1, 0, 0, 0, 0, 1], [1, 1, 0, 1, 0, 0, 1, 1, 0, 1], [0, 0, 0, 0, 0, 1, 1, 0, 0, 1], [1, 1, 0, 0, 1, 1, 1, 0, 1, 1], [0, 0, 0, 1, 1, 1, 0, 1, 1, 0], [1, 0, 0, 1, 0, 1, 0, 0, 1, 0], [1, 0, 0, 1, 1, 1, 1, 1, 0, 0], [0, 0, 0, 1, 0, 0, 1, 0, 0, 0], [0, 1, 0, 0, 0, 0, 0, 1, 1, 1], [1, 1, 1, 1, 1, 0, 0, 1, 1, 0], [1, 0, 1, 0, 0, 1, 1, 1, 0, 0], [1, 1, 0, 0, 1, 1, 1, 1, 1, 1], [1, 1, 1, 0, 0, 0, 0, 1, 1, 1]]
_Fitness value: =13602.896614649824
_Age of the best chromosome (num of iterations it has lived): =9
_Local Search function: =greedy_hill_climbing
_Neighborhood TSP: =inner
_Neighborhood KP: =inner
_Number of neighbors: =10
_Number of max iterations in local search: =20
_KP constraint solver function: =kp_hard_constraint_solver
_