Algorithm type: =AlgorithmType.GENERATIONAL
_Population Initialization function: =init_population
_Next Generation function: =replace_by_random_choice
_Fitness function: =fitness_ttp
_Selection TSP: =linear_ranking_selection
_Crossover TSP=inner
_Mutation TSP: =inner
_Selection KP: =linear_ranking_selection
_Crossover KP: =inner
_Mutation KP: =inner
_Population size: =5
_Iteration number: =10
_Survival/mortality rate: =1
_Elitism: =True
_TSP path: =[33, 36, 31, 50, 3, 48, 39, 16, 45, 2, 13, 22, 11, 25, 20, 26, 10, 47, 15, 51, 43, 35, 38, 21, 42, 12, 24, 14, 28, 5, 23, 49, 40, 4, 27, 19, 18, 9, 7, 8, 32, 0, 1, 30, 29, 34, 17, 6, 44, 46, 37, 41]
_KP path: =[[], [0, 1, 1, 0, 0, 0, 0, 0, 1, 0], [1, 1, 0, 1, 1, 1, 0, 1, 0, 1], [0, 1, 1, 1, 0, 0, 0, 0, 0, 0], [0, 0, 1, 0, 1, 0, 0, 0, 1, 0], [0, 1, 0, 0, 1, 0, 1, 0, 1, 0], [1, 1, 0, 1, 0, 0, 1, 1, 0, 1], [0, 0, 0, 0, 0, 1, 0, 0, 0, 0], [0, 0, 0, 0, 0, 1, 1, 1, 0, 0], [1, 1, 1, 0, 1, 0, 0, 0, 0, 0], [0, 1, 0, 0, 0, 1, 0, 1, 0, 0], [0, 1, 0, 0, 1, 1, 0, 1, 1, 0], [1, 1, 1, 0, 1, 1, 1, 0, 1, 0], [1, 1, 0, 1, 1, 0, 0, 0, 0, 1], [1, 0, 0, 0, 0, 0, 0, 0, 1, 1], [0, 0, 0, 1, 1, 0, 1, 1, 0, 1], [1, 1, 0, 0, 1, 0, 0, 1, 1, 1], [1, 1, 0, 0, 0, 0, 0, 1, 0, 1], [1, 1, 1, 1, 1, 0, 1, 1, 1, 0], [1, 0, 1, 1, 0, 0, 0, 1, 0, 0], [0, 0, 1, 1, 1, 0, 0, 0, 0, 1], [1, 1, 1, 1, 1, 0, 1, 1, 0, 0], [0, 0, 1, 1, 0, 1, 1, 0, 1, 1], [1, 0, 1, 0, 1, 0, 0, 1, 1, 1], [0, 1, 0, 0, 0, 0, 1, 1, 0, 1], [0, 1, 0, 0, 1, 1, 0, 1, 1, 1], [0, 0, 0, 1, 0, 0, 0, 0, 0, 1], [1, 1, 0, 0, 1, 1, 0, 1, 0, 0], [1, 0, 0, 1, 1, 0, 1, 0, 1, 1], [1, 0, 1, 1, 1, 1, 1, 0, 1, 1], [0, 0, 1, 1, 1, 0, 0, 1, 0, 1], [0, 0, 1, 0, 0, 0, 0, 0, 1, 0], [0, 0, 1, 1, 0, 0, 0, 1, 1, 0], [1, 1, 1, 0, 0, 1, 1, 0, 0, 1], [1, 1, 1, 0, 1, 0, 1, 1, 1, 1], [0, 0, 0, 0, 1, 1, 0, 0, 1, 1], [0, 0, 1, 0, 0, 1, 0, 1, 1, 1], [0, 0, 1, 1, 1, 0, 0, 1, 0, 1], [1, 1, 0, 0, 1, 1, 1, 1, 1, 0], [0, 0, 0, 0, 1, 0, 1, 0, 0, 1], [1, 0, 1, 1, 0, 0, 0, 1, 0, 0], [0, 1, 1, 0, 1, 1, 0, 1, 1, 0], [0, 1, 1, 0, 0, 1, 0, 1, 0, 0], [1, 1, 1, 0, 0, 0, 1, 1, 1, 1], [1, 0, 0, 1, 0, 1, 0, 0, 0, 0], [0, 1, 0, 1, 1, 0, 1, 0, 1, 0], [0, 0, 0, 0, 0, 1, 0, 0, 1, 0], [0, 1, 0, 0, 1, 0, 1, 1, 1, 0], [1, 1, 1, 1, 1, 0, 0, 0, 0, 1], [0, 0, 1, 0, 1, 0, 1, 1, 0, 1], [0, 1, 1, 1, 1, 1, 0, 1, 1, 0], [1, 1, 1, 1, 0, 0, 0, 0, 0, 0]]
_Fitness value: =18272.372695116275
_Age of the best chromosome (num of iterations it has lived): =8
_Local Search function: =greedy_hill_climbing
_Neighborhood TSP: =inner
_Neighborhood KP: =inner
_Number of neighbors: =10
_Number of max iterations in local search: =20
_KP constraint solver function: =kp_hard_constraint_solver
_