Algorithm type: =AlgorithmType.STEADY_STATE
_Population Initialization function: =init_population
_Next Generation function: =replace_by_random_choice
_Fitness function: =fitness_ttp
_Selection TSP: =linear_ranking_selection
_Crossover TSP=inner
_Mutation TSP: =inner
_Selection KP: =linear_ranking_selection
_Crossover KP: =inner
_Mutation KP: =inner
_Population size: =5
_Iteration number: =10
_Survival/mortality rate: =0
_Elitism: =True
_TSP path: =[27, 40, 19, 12, 15, 32, 35, 22, 30, 39, 48, 14, 1, 10, 36, 7, 34, 45, 46, 16, 51, 17, 24, 25, 33, 3, 41, 31, 23, 6, 21, 5, 38, 20, 0, 13, 28, 47, 2, 37, 4, 44, 29, 9, 8, 50, 26, 42, 49, 43, 18, 11]
_KP path: =[[], [1, 1, 1, 0, 0, 1, 1, 1, 0, 1], [1, 1, 0, 1, 1, 0, 1, 0, 0, 1], [0, 1, 0, 1, 0, 0, 1, 0, 0, 1], [0, 0, 1, 1, 0, 1, 0, 1, 1, 0], [1, 1, 1, 1, 0, 1, 0, 0, 1, 1], [0, 1, 1, 1, 0, 0, 1, 0, 0, 1], [0, 0, 1, 0, 0, 0, 1, 1, 0, 0], [1, 1, 0, 0, 0, 0, 0, 0, 1, 0], [0, 1, 1, 0, 1, 1, 1, 0, 1, 0], [1, 0, 1, 1, 1, 1, 0, 1, 0, 1], [1, 0, 0, 0, 1, 1, 0, 0, 1, 0], [1, 0, 0, 1, 1, 0, 1, 1, 0, 0], [1, 1, 0, 0, 0, 0, 0, 0, 1, 0], [0, 0, 1, 1, 1, 1, 1, 1, 1, 0], [1, 1, 1, 0, 0, 0, 0, 0, 1, 0], [0, 0, 0, 1, 1, 0, 1, 0, 0, 1], [1, 0, 1, 1, 0, 1, 1, 0, 0, 1], [0, 0, 1, 0, 0, 0, 1, 0, 1, 1], [0, 0, 0, 0, 0, 1, 1, 0, 0, 1], [1, 1, 0, 0, 1, 1, 0, 0, 1, 0], [0, 1, 0, 1, 0, 0, 1, 1, 0, 0], [0, 0, 1, 1, 0, 1, 0, 0, 1, 1], [1, 0, 0, 1, 0, 1, 0, 0, 1, 0], [1, 0, 0, 0, 1, 0, 0, 1, 1, 1], [1, 1, 1, 1, 0, 0, 1, 0, 0, 0], [0, 0, 1, 1, 1, 1, 1, 1, 0, 1], [0, 1, 0, 0, 1, 0, 1, 0, 1, 0], [1, 1, 0, 1, 1, 1, 0, 0, 1, 0], [1, 0, 1, 1, 0, 1, 0, 1, 0, 1], [0, 1, 1, 1, 1, 1, 1, 1, 1, 0], [1, 0, 1, 1, 1, 1, 0, 1, 1, 1], [0, 0, 0, 1, 1, 0, 0, 0, 1, 0], [0, 0, 1, 1, 0, 0, 1, 0, 1, 1], [0, 1, 0, 1, 1, 0, 0, 1, 1, 0], [1, 1, 0, 1, 0, 0, 1, 1, 1, 0], [1, 1, 0, 0, 1, 0, 1, 0, 0, 1], [1, 0, 1, 1, 1, 1, 0, 1, 1, 1], [0, 1, 1, 1, 0, 0, 1, 1, 1, 0], [0, 0, 0, 1, 0, 1, 1, 0, 1, 1], [1, 1, 0, 1, 1, 1, 0, 1, 1, 0], [1, 0, 0, 1, 1, 1, 1, 1, 1, 1], [1, 0, 1, 0, 1, 0, 1, 1, 0, 0], [0, 0, 0, 0, 1, 0, 0, 0, 0, 1], [0, 1, 1, 1, 1, 1, 1, 1, 1, 0], [0, 0, 1, 1, 1, 1, 1, 1, 1, 0], [1, 0, 0, 1, 1, 0, 0, 0, 1, 1], [1, 0, 1, 1, 0, 0, 1, 1, 1, 1], [1, 1, 1, 0, 0, 1, 1, 0, 1, 0], [1, 1, 0, 1, 1, 0, 1, 1, 0, 1], [0, 1, 0, 1, 0, 0, 0, 0, 0, 1], [1, 0, 1, 0, 1, 0, 0, 1, 0, 1]]
_Fitness value: =16625.772877474927
_Age of the best chromosome (num of iterations it has lived): =6
_Local Search function: =greedy_hill_climbing
_Neighborhood TSP: =inner
_Neighborhood KP: =inner
_Number of neighbors: =10
_Number of max iterations in local search: =20
_KP constraint solver function: =kp_hard_constraint_solver
_